1 15 9832 808 60 834 26 856 27 566 9 731 49 610 41 690 66 936 34 978 79 829 36 741 88 943 96 956 59 862 84 951 60
2 15 9900 744 14 768 33 740 95 666 33 982 80 731 84 904 79 948 13 676 89 919 64 660 58 849 58 933 99 980 100 875 43
3 15 9760 944 78 943 91 701 19 354 7 807 56 981 45 789 13 785 49 822 47 845 99 801 72 990 58 500 66 994 32 945 65
4 15 10531 933 15 817 6 976 40 599 28 1000 1 898 26 982 1 602 78 875 39 973 89 904 31 955 100 961 16 768 82 921 64
5 15 9736 799 90 877 96 798 76 711 42 867 86 779 91 787 20 979 76 751 74 967 62 863 87 576 14 925 12 768 4 724 53
6 15 10460 931 8 869 85 913 79 913 23 906 56 849 25 973 42 948 90 612 13 599 66 882 30 967 97 775 82 968 66 970 12
7 15 9964 607 76 991 37 944 74 768 53 979 78 771 82 976 50 595 10 747 80 933 17 966 37 839 33 972 84 978 37 390 80
8 15 10122 457 54 756 40 857 77 983 46 834 85 851 68 951 6 914 74 946 88 965 36 578 23 864 96 921 51 989 94 787 98
9 15 10432 946 12 992 84 856 12 1000 1 780 6 401 64 919 79 919 49 912 18 670 52 968 100 998 32 879 56 895 6 906 55
10 15 10243 850 48 880 40 675 19 638 40 969 92 916 36 947 37 823 71 654 49 749 91 996 17 973 98 958 16 964 49 812 7
11 15 10551 813 6 877 81 961 5 960 64 913 55 952 4 868 5 849 88 879 70 940 42 918 55 840 19 884 28 726 55 809 41
12 15 9667 886 16 638 50 733 22 982 81 415 56 951 21 941 100 775 37 865 5 824 39 726 48 907 95 662 21 840 39 939 3
13 15 10419 998 77 863 43 763 85 653 35 898 3 826 27 865 7 964 1 904 52 991 21 637 90 843 73 989 76 961 71 869 90
14 15 9058 625 45 713 72 550 55 863 75 880 6 799 89 538 96 674 4 992 65 607 84 626 68 798 93 981 33 862 13 815 21
15 15 9528 813 100 952 87 689 5 795 15 718 34 884 98 618 11 848 21 744 18 953 34 996 83 918 45 811 85 378 16 793 57
16 15 9834 919 28 714 65 996 72 888 76 896 11 844 66 821 90 888 34 717 91 983 29 535 31 277 9 982 78 975 69 858 40
17 15 10155 946 24 948 99 807 45 997 24 665 5 958 19 880 67 851 100 980 87 606 57 905 78 902 69 618 68 902 36 729 82
18 15 10376 883 38 677 94 802 98 914 1 685 100 858 14 994 90 801 14 971 30 960 18 961 32 815 62 874 45 876 85 899 77
19 15 9736 747 5 956 19 820 69 934 11 863 59 801 75 961 71 742 98 953 43 906 64 453 77 965 51 366 54 941 68 763 82
20 15 10440 965 65 977 70 857 24 790 21 935 14 941 91 824 62 620 70 947 70 996 63 930 81 837 8 691 91 954 3 786 74
21 15 9396 932 94 663 11 696 76 726 40 824 85 960 8 790 31 912 46 730 35 956 28 958 48 640 40 248 60 760 79 950 54
22 15 10101 866 84 991 29 636 15 730 18 792 100 829 6 777 50 985 42 939 29 1000 40 865 58 748 81 779 22 996 98 694 92
23 15 9946 838 1 824 57 760 63 984 93 680 47 808 97 798 72 873 82 967 96 635 46 857 16 893 9 982 8 937 71 597 66
24 15 10364 873 11 944 30 767 68 951 5 827 47 738 84 899 20 852 26 618 44 913 12 829 51 960 24 948 30 899 67 937 37
25 15 10647 883 97 869 85 928 70 974 28 871 88 930 1 939 33 962 24 909 28 714 74 749 81 846 22 953 1 882 95 900 80
26 15 10504 941 80 966 44 998 42 772 76 997 35 817 50 894 88 904 69 881 48 919 77 796 28 772 28 889 72 739 69 845 87
27 15 10168 613 54 973 26 906 83 954 83 949 19 975 26 1000 54 924 51 835 94 486 56 529 88 759 83 965 31 883 74 960 8
28 15 9784 832 37 813 9 917 62 555 62 787 69 843 45 768 91 870 46 840 50 855 56 622 57 887 98 952 6 743 11 947 29
29 15 9791 821 8 965 37 933 9 689 85 850 53 919 30 832 69 616 38 996 46 560 43 901 61 622 44 762 59 945 1 828 7
30 15 9960 902 86 837 4 999 84 805 13 926 39 933 87 971 51 278 18 919 47 987 66 792 98 926 2 331 18 957 69 888 79
31 15 10302 878 54 845 85 948 76 666 92 981 26 747 33 841 53 970 33 990 42 977 15 973 54 886 54 583 92 644 29 949 15
32 15 9112 909 7 798 54 649 51 399 80 842 81 781 9 932 59 958 12 762 97 494 67 521 21 986 60 949 68 977 62 433 88
33 15 10175 721 24 975 69 854 21 732 7 619 56 665 33 858 84 961 7 923 84 912 61 958 92 957 71 959 82 866 85 759 76
34 15 10895 902 60 914 44 954 100 928 89 995 67 953 5 984 65 617 75 923 6 891 42 936 77 919 97 846 79 892 27 965 17
35 15 10296 661 99 958 12 703 31 978 53 950 91 993 6 695 1 836 97 967 37 852 33 707 94 946 21 970 63 835 98 820 3
36 15 10052 723 91 936 51 932 47 659 57 894 54 957 5 895 63 764 40 717 78 966 3 683 18 946 83 991 13 620 53 883 60
37 15 9728 991 78 620 34 522 16 970 34 950 38 729 15 917 50 923 25 822 84 995 53 857 59 646 75 470 12 999 100 749 54
38 15 10336 929 92 970 82 799 14 801 50 731 79 979 23 960 42 881 46 686 45 891 77 775 44 968 5 896 17 807 24 847 24
39 15 9664 982 47 738 63 870 71 958 80 671 41 542 74 959 98 941 64 973 10 688 17 965 31 769 61 941 81 529 74 555 31
40 15 10114 887 63 927 17 919 95 946 98 835 46 557 3 594 60 986 50 896 38 686 18 926 20 928 62 817 5 999 37 740 87
41 15 9876 944 87 958 12 419 58 854 5 871 62 670 10 733 82 949 39 891 21 949 66 874 54 912 23 751 42 933 90 638 91
42 15 9544 572 46 687 16 571 64 764 83 962 19 990 84 808 64 961 26 661 18 802 4 647 1 879 28 1000 56 916 61 710 45
43 15 10812 929 35 993 35 641 90 832 2 959 5 853 4 940 18 941 50 976 49 862 58 980 74 951 38 819 97 898 89 942 100
44 15 10347 902 87 785 90 897 35 967 51 755 98 924 71 900 61 844 24 967 77 873 10 961 59 780 94 844 14 883 53 652 10
45 15 9119 800 47 801 20 275 8 789 1 980 14 689 51 278 42 880 10 925 64 450 12 984 99 670 62 956 2 994 72 928 73
46 15 10459 919 87 715 99 960 47 954 72 1000 16 944 87 774 96 969 41 568 45 890 80 788 7 900 85 982 92 966 24 745 55
47 15 10127 820 37 804 89 934 79 629 23 790 22 913 12 906 57 978 61 728 57 944 89 745 11 946 12 844 84 905 33 773 79
48 15 10206 945 57 984 23 622 2 891 2 958 12 997 36 599 52 352 97 861 46 939 98 989 80 851 1 938 52 886 84 946 53
49 15 9324 899 20 899 69 884 25 668 5 752 26 998 95 411 33 699 38 893 61 537 74 652 24 975 22 976 61 663 58 749 26
50 15 9628 663 69 601 10 902 16 774 50 903 83 904 27 820 76 857 28 934 83 777 86 701 38 768 60 817 46 813 53 802 86
51 15 9708 919 83 918 8 673 50 468 82 933 59 648 15 924 8 931 21 967 4 729 85 728 13 859 75 816 78 918 7 704 41
52 15 9316 644 96 751 20 725 13 694 90 920 38 987 46 540 91 904 73 644 47 795 43 688 100 858 65 987 94 883 83 626 31
53 15 9743 834 35 780 56 931 89 801 39 866 77 476 35 648 74 928 42 834 62 923 63 671 23 821 55 941 43 777 62 948 50
54 15 9820 715 71 916 50 667 20 941 99 941 31 826 100 984 86 953 30 809 26 827 26 899 70 883 92 857 24 958 95 100 84
55 15 9978 505 97 968 83 966 19 556 28 903 12 931 68 610 100 863 86 818 92 729 75 800 28 933 5 944 69 970 44 977 22
56 15 8853 963 41 702 9 612 18 553 93 678 3 939 11 538 18 951 70 826 68 296 72 458 93 986 100 897 7 984 7 684 25
57 15 10216 891 70 971 31 979 25 981 67 990 93 803 34 738 63 958 75 995 19 900 84 312 85 874 79 907 21 856 26 616 42
58 15 9250 633 79 811 97 829 27 748 46 809 68 909 28 511 69 817 53 867 52 518 66 982 6 917 46 989 43 645 80 578 100
59 15 10225 728 63 986 71 904 6 673 29 431 77 955 38 641 40 932 78 995 51 965 72 832 69 874 30 983 3 974 80 909 28
60 15 10232 795 43 779 3 996 22 754 16 963 53 870 14 804 99 685 61 881 88 840 12 901 26 741 83 945 37 957 100 879 32
61 15 10115 853 32 626 77 665 72 909 40 911 57 900 52 936 18 971 92 924 71 750 5 689 100 976 53 818 89 761 61 955 85
62 15 9725 765 74 965 14 860 44 642 89 781 52 763 92 721 93 989 88 550 83 937 52 993 20 587 31 826 82 840 94 938 50
63 15 9676 844 34 893 7 508 81 840 79 985 43 892 63 642 75 927 17 720 10 995 38 876 59 764 87 685 25 746 15 779 87
64 15 10219 953 5 442 67 912 100 808 51 782 47 971 58 610 17 871 29 884 70 935 42 852 57 974 50 821 33 984 48 975 8
65 15 10736 954 85 539 40 638 51 994 3 925 45 933 95 975 63 959 95 828 80 978 34 947 19 942 5 952 58 875 35 981 25
66 15 9937 977 25 868 9 880 16 712 98 971 83 697 5 667 82 852 58 770 68 892 82 870 87 646 60 818 78 902 13 900 82
67 15 9097 721 99 970 11 812 57 212 61 920 41 866 46 797 10 485 96 896 3 434 75 674 40 884 57 939 49 979 33 783 15
68 15 10493 843 3 966 23 755 74 964 25 977 74 963 82 993 40 927 27 748 86 834 9 979 41 830 6 828 58 669 83 841 12
69 15 10030 676 21 983 24 661 30 867 34 888 17 934 67 962 22 998 57 910 47 922 24 701 5 546 62 706 33 908 36 876 62
70 15 10051 936 57 541 84 931 82 986 58 801 99 827 80 932 59 859 6 768 10 982 78 642 44 560 80 986 87 823 25 990 16
71 15 10141 944 93 996 71 733 98 700 48 708 26 835 65 803 45 762 17 932 23 834 46 890 24 880 12 834 71 941 45 885 58
72 15 10646 994 97 955 67 851 46 761 70 797 19 977 12 905 8 934 55 817 11 972 20 650 33 971 25 961 17 790 3 973 69
73 15 10351 795 57 762 49 977 26 997 12 950 52 862 2 822 83 977 96 631 21 892 60 795 9 925 42 969 30 846 37 739 83
74 15 9990 570 16 999 10 973 47 897 29 944 32 881 2 966 92 715 66 833 60 544 54 778 14 991 50 813 35 618 14 966 1
75 15 10292 810 98 891 72 987 82 595 39 845 41 774 74 985 26 942 85 849 8 610 52 959 24 826 92 901 77 928 11 963 22
76 15 10547 967 54 952 65 714 100 671 15 806 69 861 49 857 61 877 4 616 76 1000 99 973 79 942 38 997 54 958 83 993 23
77 15 10548 703 86 891 56 688 36 973 55 929 8 977 35 930 94 855 33 675 28 971 66 744 43 933 71 987 52 937 96 993 30
78 15 9713 962 52 571 32 793 48 958 62 854 96 836 13 946 26 998 92 735 23 482 43 843 100 789 65 968 97 676 96 731 69
79 15 9685 991 14 936 9 734 83 534 19 855 89 888 53 733 8 935 67 839 48 581 29 962 95 587 45 702 17 960 69 870 9
80 15 9797 705 9 739 40 724 71 833 72 674 22 739 40 922 74 818 55 981 4 500 82 909 49 814 17 946 25 952 71 991 50
81 15 9771 573 41 956 59 926 78 674 56 799 46 700 45 893 45 969 3 818 63 806 71 799 26 713 53 775 89 941 10 872 45
82 15 10123 791 25 938 62 473 98 914 62 903 64 940 66 650 35 961 59 886 70 939 41 978 35 849 37 816 17 708 76 908 69
83 15 10528 885 48 853 5 774 80 931 24 818 10 994 19 941 6 660 80 784 28 795 57 1000 5 996 27 929 13 806 31 994 62
84 15 8987 598 18 932 45 698 55 891 1 974 32 829 57 736 78 585 82 712 38 738 59 625 40 945 26 550 70 941 88 480 46
85 15 9800 568 66 519 27 972 34 986 67 822 55 712 23 851 7 975 6 957 32 570 56 702 100 929 31 917 54 950 63 820 72
86 15 10699 681 48 771 77 748 57 894 48 881 41 1000 58 980 37 976 71 865 88 960 48 868 54 946 92 959 44 846 12 999 18
87 15 10648 971 98 923 99 974 85 996 73 977 38 750 35 777 64 792 74 635 82 873 73 911 3 901 22 928 58 908 15 994 71
88 15 10311 712 35 473 20 762 86 975 70 923 52 925 17 977 35 872 70 994 48 809 85 754 3 990 18 968 86 892 38 863 91
89 15 10097 828 49 900 10 824 40 964 59 745 23 819 68 980 93 991 37 936 99 734 51 409 13 943 63 680 2 952 13 917 72
90 15 9916 698 18 829 51 810 34 727 83 798 33 925 4 936 36 896 96 743 23 900 27 828 81 376 54 991 10 946 79 992 48
91 15 9868 769 31 963 89 936 46 851 75 537 3 963 79 897 10 796 50 526 8 655 13 943 99 982 66 838 98 827 60 852 14
92 15 10172 975 37 852 52 992 23 934 70 942 57 900 3 958 27 854 56 806 23 511 90 853 38 398 79 970 78 894 36 877 100
93 15 10588 809 30 907 35 994 53 991 31 607 61 830 89 996 71 804 51 862 61 944 2 822 26 846 19 860 21 963 55 1000 32
94 15 10181 942 49 960 63 859 28 973 92 862 59 625 88 805 60 863 95 977 80 570 31 839 70 916 78 765 51 993 35 778 61
95 15 9956 954 45 561 78 910 37 557 33 957 62 957 86 979 92 999 24 540 83 994 25 864 15 799 29 658 77 832 68 884 97
96 15 8859 752 64 509 8 878 92 875 98 886 73 847 42 701 34 603 76 844 37 679 57 586 27 619 97 804 87 902 38 589 88
97 15 10534 845 33 802 65 883 53 947 4 885 28 758 41 877 94 956 22 842 77 962 35 893 58 960 68 914 13 979 19 665 51
98 15 10478 749 97 934 70 836 88 981 15 843 85 871 76 984 93 897 69 731 99 712 69 963 60 912 37 716 34 996 15 973 78
99 15 10548 861 45 786 53 975 14 751 31 961 41 994 73 911 58 855 48 831 72 868 93 704 95 820 88 901 33 976 46 991 68
100 15 10442 929 65 847 100 814 26 896 29 777 41 856 33 602 3 986 74 972 34 983 57 977 27 763 86 754 8 903 71 994 93
