1 10 80 20 595 17 259 5 977 7 334 3 790 18 354 5 588 17 216 5 592 4 607
2 10 164 19 448 10 175 24 330 27 950 34 322 2 795 27 839 24 733 6 125 33 890
3 10 76 3 642 16 579 7 990 3 992 6 777 6 909 8 10 2 450 22 124 22 490
4 10 124 18 480 29 274 2 573 35 928 1 317 6 642 19 58 3 392 41 276 1 6
5 10 105 2 1 3 882 10 302 5 999 4 153 24 815 21 898 13 959 21 751 29 413
6 10 64 3 754 14 861 7 857 8 118 3 512 7 75 9 230 10 558 16 248 3 419
7 10 84 1 237 27 846 12 294 4 965 23 819 4 653 4 118 1 368 6 735 24 530
8 10 64 23 815 3 494 7 167 4 369 4 552 3 837 3 364 15 766 2 457 17 848
9 10 68 11 349 15 678 5 53 9 738 6 871 4 355 8 503 2 931 22 976 4 422
10 10 72 1 840 15 113 1 5 9 783 3 168 4 993 1 315 10 543 13 395 33 187
11 10 47 4 918 9 360 6 369 18 704 1 163 3 976 5 155 4 490 4 41 5 632
12 10 113 5 38 14 41 16 872 9 542 17 183 12 275 28 548 20 407 2 806 19 636
13 10 88 1 961 23 369 28 473 6 841 7 24 14 430 11 22 1 209 3 840 16 728
14 10 118 4 701 46 544 2 74 5 653 17 710 5 474 8 106 24 564 18 456 19 202
15 10 65 19 1000 5 864 2 387 2 112 13 512 5 340 1 828 9 447 19 844 7 137
16 10 74 12 751 1 521 16 655 11 157 12 336 2 780 3 690 15 396 15 350 6 231
17 10 136 23 931 6 990 10 536 36 77 3 861 7 28 39 676 10 359 28 817 8 431
18 10 83 15 138 1 900 20 131 3 295 5 179 4 315 19 620 13 441 13 850 11 762
19 10 123 26 45 37 718 19 690 7 106 14 583 20 743 12 379 10 637 3 979 6 671
20 10 80 4 186 15 235 19 540 7 134 10 596 10 708 1 628 8 809 5 23 22 735
21 10 93 7 939 28 399 18 846 5 80 5 83 9 460 5 471 25 786 14 839 1 285
22 10 76 9 144 21 1000 2 411 7 283 1 397 14 578 1 975 17 10 2 929 21 713
23 10 110 4 957 11 85 33 31 5 47 18 462 17 747 18 506 5 239 6 292 21 788
24 10 86 16 566 12 962 4 442 8 699 8 4 7 324 3 394 10 273 29 731 11 611
25 10 94 21 613 7 328 6 799 4 434 1 412 9 766 21 273 10 610 12 712 27 687
26 10 66 3 254 6 190 3 251 1 533 8 503 7 230 25 920 13 903 12 732 5 76
27 10 140 17 368 19 81 9 613 15 68 24 903 14 451 31 356 15 558 5 52 26 110
28 10 111 4 365 7 86 16 210 16 524 9 298 17 682 12 866 24 581 19 595 15 530
29 10 75 5 745 17 37 1 838 7 863 3 506 16 685 9 468 2 656 12 787 22 831
30 10 112 34 914 3 412 4 327 2 417 3 146 3 532 12 532 42 915 21 539 16 801
31 10 92 7 581 5 118 24 965 20 305 6 677 3 617 28 238 8 721 11 610 4 64
32 10 64 9 602 9 612 5 705 5 816 14 842 25 755 9 438 1 931 2 296 1 601
33 10 92 4 161 5 119 30 304 3 530 6 906 1 57 31 10 17 968 4 363 15 321
34 10 105 5 340 30 938 6 202 4 630 17 975 10 673 7 509 7 468 35 565 11 532
35 10 100 11 626 4 30 1 121 39 336 6 380 8 241 15 588 1 993 26 533 14 144
36 10 93 4 811 10 823 17 525 22 513 3 221 5 415 9 20 11 163 20 238 16 235
37 10 68 2 466 27 717 5 975 6 634 3 93 8 598 12 625 8 161 9 950 6 974
38 10 134 18 848 17 460 45 29 2 732 2 500 6 366 8 613 21 141 22 178 27 819
39 10 74 11 204 6 655 13 534 9 223 25 415 4 846 10 124 9 239 4 186 2 833
40 10 86 4 257 1 555 14 796 8 347 1 343 36 895 17 14 5 49 15 31 7 177
41 10 72 3 488 5 373 4 415 11 883 6 996 11 761 11 349 4 507 25 977 11 406
42 10 117 22 252 16 140 12 522 21 466 20 192 5 662 15 379 3 136 32 508 1 468
43 10 38 2 986 8 227 5 12 1 715 8 727 3 829 9 866 5 712 1 151 6 865
44 10 102 4 410 13 517 11 847 2 919 4 232 19 365 20 890 7 790 38 224 10 570
45 10 94 55 849 1 340 16 838 2 229 5 112 1 356 14 451 7 977 2 798 15 6
46 10 93 1 279 6 527 2 840 11 199 11 684 12 246 37 99 25 254 1 947 11 607
47 10 113 35 234 3 212 3 609 34 578 26 258 2 95 3 745 23 492 10 822 3 215
48 10 94 15 278 20 855 10 713 9 824 16 339 7 581 22 42 8 76 7 210 4 40
49 10 118 7 204 16 862 36 960 25 197 28 122 11 377 9 371 2 457 10 908 4 71
50 10 90 21 425 1 229 15 642 2 935 23 558 7 887 20 384 14 762 8 418 2 749
51 10 97 11 492 23 617 34 200 2 913 6 305 1 934 2 853 5 298 20 253 18 258
52 10 76 9 252 15 235 5 949 4 53 4 828 4 184 12 692 10 116 14 853 19 916
53 10 108 21 276 4 440 3 213 7 105 47 172 5 696 18 675 22 42 6 555 2 994
54 10 90 2 66 32 243 14 177 11 691 3 309 3 243 2 663 2 927 17 394 27 628
55 10 127 13 216 5 743 1 187 11 840 10 337 15 252 39 412 9 476 37 787 19 963
56 10 98 10 384 18 264 26 460 20 673 10 279 14 517 21 136 2 422 1 816 1 24
57 10 77 28 624 2 706 24 612 7 771 1 502 4 714 2 28 3 793 10 272 16 192
58 10 112 1 484 21 426 23 28 1 215 14 138 20 981 17 119 11 876 26 828 6 369
59 10 114 13 319 24 624 34 714 11 519 7 172 10 102 8 704 32 613 1 749 3 527
60 10 120 1 98 12 736 4 790 24 738 12 532 22 512 24 915 28 930 2 874 22 830
61 10 71 1 191 17 939 7 491 21 597 2 425 11 627 2 447 1 376 13 581 14 314
62 10 140 7 232 23 864 56 670 9 995 3 576 40 170 13 288 15 564 3 496 6 809
63 10 110 3 73 16 442 5 848 47 394 37 501 1 27 3 622 5 947 18 799 3 334
64 10 108 23 310 2 241 14 81 13 157 3 966 3 822 31 41 8 462 15 573 24 673
65 10 111 10 668 29 474 14 863 4 19 19 772 10 124 28 983 4 103 19 567 2 438
66 10 77 14 454 21 98 5 221 11 27 4 619 22 514 3 326 10 24 4 222 3 734
67 10 95 14 108 4 818 1 399 8 261 3 408 18 59 18 578 34 825 16 120 3 452
68 10 66 2 237 4 219 1 563 30 326 10 355 7 569 2 571 2 886 18 795 7 583
69 10 113 24 96 2 773 12 614 45 792 2 865 39 973 2 155 9 877 6 925 1 706
70 10 112 9 209 10 495 5 844 20 444 24 162 12 237 13 113 30 50 6 450 12 573
71 10 56 1 966 5 668 15 454 3 116 10 71 7 543 19 106 3 200 5 532 3 250
72 10 70 19 236 3 685 18 805 4 990 10 344 3 258 1 114 6 514 3 955 21 83
73 10 115 28 25 8 412 4 298 16 367 27 821 5 126 41 814 1 99 3 469 11 287
74 10 100 14 646 6 311 12 19 4 912 46 536 19 350 7 197 4 4 11 717 2 812
75 10 97 3 785 41 384 16 405 12 80 5 238 18 914 10 766 8 108 4 215 5 642
76 10 92 19 637 1 688 33 143 15 601 1 981 3 787 5 827 1 224 23 611 15 595
77 10 44 8 80 3 341 8 937 15 328 2 514 7 957 1 298 5 612 6 252 1 913
78 10 64 9 558 1 933 6 289 4 964 5 550 27 686 5 487 2 291 7 84 15 881
79 10 132 1 1000 12 528 6 487 5 689 28 705 17 718 33 212 27 395 8 732 28 241
80 10 92 5 922 6 241 5 705 1 493 5 586 8 775 23 432 21 452 31 449 11 447
81 10 62 1 98 4 21 12 325 6 99 13 450 19 791 4 340 7 619 3 839 9 614
82 10 121 26 356 10 635 7 660 36 349 4 586 3 350 30 756 10 681 7 239 19 149
83 10 116 10 941 35 796 22 278 21 570 1 42 1 264 8 127 6 378 31 541 11 9
84 10 97 23 714 3 311 18 567 2 18 6 254 6 40 2 667 18 545 29 223 15 67
85 10 89 2 736 3 56 5 314 8 306 19 712 15 540 38 170 3 705 14 872 5 480
86 10 44 6 920 5 431 16 113 1 177 8 989 4 291 1 727 3 380 4 42 8 838
87 10 60 8 575 10 147 1 705 3 695 8 518 8 163 3 342 13 698 1 473 20 845
88 10 85 2 173 4 858 11 93 16 232 4 588 26 225 1 365 7 981 27 510 9 739
89 10 91 22 59 8 31 7 351 11 957 26 221 11 261 18 808 6 789 1 473 4 883
90 10 136 12 995 7 454 15 744 47 30 4 787 11 95 7 553 48 80 2 656 17 971
91 10 80 15 133 7 699 6 561 11 25 5 262 15 555 15 72 11 438 4 780 11 359
92 10 84 10 343 1 527 1 303 40 606 18 883 1 706 6 20 18 255 9 996 2 190
93 10 86 41 558 4 547 1 317 5 626 15 274 3 914 14 583 14 950 3 792 8 998
94 10 82 9 778 24 504 1 350 23 605 19 951 5 442 9 905 5 617 5 854 3 918
95 10 124 47 822 1 248 14 144 21 289 12 965 18 977 9 314 3 453 12 722 19 619
96 10 68 4 228 13 405 3 592 16 330 6 33 13 938 5 213 11 572 5 679 9 130
97 10 94 34 507 3 363 26 963 7 697 17 875 2 142 3 956 13 760 2 927 11 683
98 10 89 32 333 4 599 1 144 3 777 7 438 3 137 1 725 17 711 14 930 30 947
99 10 80 10 322 3 453 1 676 10 428 8 647 1 274 19 254 11 282 23 402 15 326
100 10 66 2 735 3 331 2 570 3 267 15 352 1 924 23 306 2 238 9 514 23 805
