1 10 728 81 595 84 259 96 977 94 334 98 790 83 354 96 588 97 607 91 175 91 866
2 10 744 95 125 98 642 85 579 94 990 98 992 95 777 95 909 93 10 99 450 79 124
3 10 734 66 928 100 317 95 642 82 58 98 392 97 660 97 120 98 882 97 153 88 959
4 10 742 98 754 94 75 92 230 91 558 85 248 98 419 95 898 100 237 97 965 78 819
5 10 768 97 118 100 368 95 735 94 167 97 369 97 552 98 837 98 364 86 766 99 457
6 10 733 100 474 84 848 86 678 96 53 97 355 93 503 99 931 79 976 97 422 86 113
7 10 764 100 676 100 5 92 783 98 168 97 993 100 315 91 543 88 395 97 918 92 360
8 10 750 98 376 95 369 74 604 100 163 98 976 96 155 97 490 97 41 96 38 87 41
9 10 712 92 553 73 548 99 800 99 806 100 961 78 369 73 473 95 841 94 24 87 430
10 10 730 61 851 90 22 100 209 98 840 85 728 99 760 97 701 88 59 99 74 96 653
11 10 720 100 647 84 710 96 474 93 106 77 564 83 456 82 202 87 569 99 387 99 112
12 10 760 96 340 100 828 92 447 82 844 94 137 100 715 89 751 100 521 99 289 99 780
13 10 715 95 231 95 990 91 536 65 77 98 861 94 28 89 378 86 138 100 900 81 131
14 10 693 96 179 97 315 82 620 88 441 88 850 90 762 64 718 98 50 75 971 89 379
15 10 742 98 979 97 186 86 235 82 540 94 134 91 596 91 708 100 628 93 809 96 23
16 10 725 97 279 94 939 73 399 83 846 96 80 96 83 92 460 96 471 100 285 80 1000
17 10 715 78 494 99 411 97 308 100 975 84 10 99 929 80 713 90 85 83 462 84 747
18 10 736 86 256 95 292 85 566 89 962 97 442 93 699 93 4 94 324 98 394 91 273
19 10 724 98 116 72 731 90 611 89 941 80 613 92 322 95 799 97 434 100 412 92 766
20 10 732 79 598 99 75 74 687 85 861 98 254 95 190 98 251 100 533 93 503 94 230
21 10 725 88 903 92 366 92 613 86 68 91 66 86 558 96 52 97 365 94 86 85 210
22 10 703 86 849 85 524 92 298 84 682 89 866 69 69 94 642 86 530 94 464 100 838
23 10 752 99 78 94 863 98 506 99 656 89 787 79 831 95 756 92 566 98 412 97 327
24 10 733 100 816 99 417 98 146 98 532 89 532 95 146 80 539 85 801 96 118 77 965
25 10 720 88 226 81 305 95 677 98 617 73 238 93 721 90 610 97 64 93 832 92 602
26 10 745 96 705 96 816 87 842 76 755 99 296 100 601 90 420 97 161 96 119 95 906
27 10 717 77 431 100 57 97 363 86 321 71 938 95 202 97 630 84 975 94 468 96 45
28 10 732 97 30 100 121 97 331 95 380 100 528 86 588 100 993 75 533 87 144 79 513
29 10 728 85 15 98 221 96 415 92 20 90 163 91 167 87 703 79 999 98 726 95 634
30 10 727 93 598 89 625 93 161 95 565 95 974 95 317 56 29 99 732 99 500 95 366
31 10 721 80 141 79 178 82 227 95 385 90 204 95 655 88 534 97 846 97 186 99 833
32 10 721 97 257 100 555 87 796 93 347 100 343 65 895 84 14 96 49 86 31 94 177
33 10 726 98 488 96 373 97 415 90 883 95 996 90 761 76 977 90 406 97 764 79 252
34 10 730 94 888 85 140 89 522 80 466 86 379 98 136 93 422 99 986 93 227 96 12
35 10 756 92 866 96 712 100 151 95 865 91 359 97 410 88 517 90 847 99 919 97 232
36 10 743 89 169 85 446 100 340 85 838 99 229 94 412 97 248 87 451 94 977 99 798
37 10 708 95 527 99 840 90 199 64 99 90 607 74 273 98 609 99 95 98 745 78 492
38 10 720 86 278 81 855 91 713 92 824 85 339 94 581 94 210 97 40 85 862 96 608
39 10 726 73 122 90 377 92 371 99 457 91 908 97 71 100 229 86 642 99 935 81 384
40 10 744 93 418 99 749 93 629 90 492 99 913 99 853 96 298 81 253 83 258 97 616
41 10 732 86 840 96 949 97 53 97 828 94 45 89 692 91 116 87 853 82 916 97 440
42 10 672 94 105 54 172 96 696 83 675 79 42 90 64 99 66 69 243 87 177 90 691
43 10 768 95 512 98 309 98 243 99 663 99 927 97 661 88 216 96 743 100 187 90 840
44 10 648 72 614 62 412 92 476 64 787 82 963 81 673 91 279 87 517 80 136 99 422
45 10 743 100 24 92 773 73 624 99 706 77 612 94 771 100 502 97 714 99 28 98 793
46 10 692 85 192 80 426 78 28 100 215 87 138 81 981 75 828 95 369 96 998 88 319
47 10 712 94 172 91 102 93 704 69 613 100 749 98 527 82 885 97 790 77 738 89 532
48 10 701 98 422 79 512 77 915 73 930 99 874 79 830 94 733 100 191 84 939 94 491
49 10 721 99 425 90 627 99 447 100 376 88 581 87 314 69 241 94 232 78 864 98 576
50 10 746 99 374 86 564 98 496 95 809 99 473 96 848 98 286 64 501 100 27 98 622
51 10 715 83 799 98 334 95 723 78 310 99 241 87 81 88 157 98 966 98 822 70 41
52 10 704 91 376 93 462 86 573 77 673 72 474 87 863 97 19 99 738 97 103 82 567
53 10 759 99 1 99 438 92 408 96 221 83 866 97 619 91 24 97 222 98 734 97 818
54 10 760 94 368 100 399 93 261 98 408 83 59 93 310 99 237 97 219 100 563 94 569
55 10 744 88 319 99 571 99 886 80 509 94 583 99 773 89 614 86 25 99 865 98 534
56 10 729 100 663 93 468 100 706 74 980 92 209 91 495 96 844 89 237 88 113 89 573
57 10 747 100 966 96 668 91 71 94 543 82 106 98 200 96 532 98 250 97 166 82 236
58 10 736 83 805 97 990 91 344 98 258 100 114 83 827 98 955 80 83 93 412 97 298
59 10 702 60 814 100 99 98 469 90 287 97 912 55 536 97 902 94 197 97 4 90 717
60 10 755 93 108 97 215 96 642 100 688 100 981 98 787 96 827 100 224 78 611 86 595
61 10 763 93 80 86 328 99 514 94 957 100 298 96 612 95 252 100 913 99 42 92 558
62 10 739 95 289 97 964 96 550 99 291 94 84 86 881 89 528 99 610 96 689 73 705
63 10 708 89 812 84 718 68 212 73 241 88 547 96 922 95 241 96 705 100 493 96 586
64 10 724 78 432 80 452 97 21 97 340 94 619 98 839 92 614 91 635 94 660 84 983
65 10 696 98 350 71 756 91 681 94 239 82 149 100 183 95 55 80 531 79 278 80 570
66 10 729 82 281 100 42 100 264 93 127 95 378 70 541 83 567 99 18 95 254 95 40
67 10 714 98 340 99 667 83 545 72 223 86 67 98 56 96 314 93 306 82 712 86 540
68 10 765 100 573 87 872 95 920 96 431 85 113 100 177 99 390 97 291 100 727 98 380
69 10 738 90 646 97 42 93 838 91 218 93 575 91 147 100 705 98 695 77 452 93 163
70 10 729 88 698 100 473 81 845 97 858 90 93 96 800 100 365 94 981 74 510 92 739
71 10 739 81 338 93 31 94 351 90 957 83 808 95 789 100 473 97 883 94 454 97 787
72 10 760 97 870 99 686 99 656 84 971 94 699 95 561 90 25 96 262 100 420 97 780
73 10 764 100 742 91 343 100 527 100 303 100 706 95 20 83 255 92 996 99 190 96 626
74 10 748 100 193 95 765 98 914 87 583 87 950 98 792 100 784 78 605 96 901 96 442
75 10 744 96 617 96 854 98 918 100 233 54 822 100 248 97 713 98 328 94 161 98 453
76 10 713 82 619 96 551 97 228 88 405 95 33 88 938 96 213 90 572 68 896 92 130
77 10 738 67 507 98 363 97 520 94 697 93 231 99 142 98 956 88 760 99 927 90 683
78 10 763 100 144 98 777 94 438 98 137 100 725 84 711 87 930 95 655 98 453 100 676
79 10 732 93 647 100 274 78 402 86 326 98 331 99 570 98 267 86 352 100 924 78 306
80 10 732 96 588 99 238 92 514 78 805 91 863 98 573 86 423 96 143 86 337 93 228
81 10 733 84 540 95 197 98 925 94 911 95 386 78 224 92 36 91 902 97 202 93 982
82 10 760 97 393 97 414 99 109 98 137 99 956 93 530 73 719 99 366 96 493 100 311
83 10 701 84 207 94 576 87 485 91 689 98 212 59 346 86 869 86 44 94 226 98 787
84 10 747 91 617 96 875 92 250 90 495 98 917 90 298 96 258 100 802 81 702 100 770
85 10 744 100 147 88 896 94 162 85 265 90 795 96 476 99 542 96 420 90 157 93 828
86 10 708 86 954 73 931 78 475 77 774 97 659 97 189 88 480 95 187 97 790 98 193
87 10 720 82 33 98 431 100 964 100 479 85 365 90 437 80 208 92 659 94 452 80 220
88 10 735 99 812 98 942 97 661 98 446 80 687 77 908 79 763 97 115 98 854 96 42
89 10 708 99 984 80 155 97 58 83 653 83 297 89 861 90 558 93 125 98 516 73 115
90 10 736 95 766 91 348 82 475 82 826 94 394 94 37 97 797 97 408 96 444 93 189
91 10 750 86 485 100 534 92 592 99 90 95 920 86 133 90 247 100 778 99 672 91 234
92 10 742 89 770 91 269 100 487 97 521 94 281 94 625 94 487 75 565 98 956 96 365
93 10 742 99 570 98 839 86 637 98 135 92 88 77 5 95 579 92 710 98 388 93 780
94 10 733 97 454 91 275 98 238 77 938 86 980 77 542 99 104 100 792 95 917 97 723
95 10 712 86 71 97 590 97 151 93 952 95 880 80 210 90 84 92 100 85 747 76 916
96 10 728 90 238 94 536 93 750 100 435 85 912 88 691 97 979 87 405 92 445 85 883
97 10 733 100 475 98 715 74 229 98 731 72 773 98 3 81 657 99 539 99 645 98 665
98 10 732 94 25 90 731 100 760 76 705 97 453 100 95 91 119 96 1 82 621 90 399
99 10 710 84 680 94 897 93 329 96 230 80 273 79 936 94 117 97 463 81 762 90 320
100 10 744 83 186 89 353 95 581 98 116 94 669 96 330 100 652 97 843 80 882 98 262
