1 12 3162 72 86 417 130 293 301 283 45 366 243 305 201 272 400 468 167 426 85 415 177 371 439 265 99
2 12 3851 427 472 478 294 431 417 476 296 481 304 372 391 407 224 372 69 390 434 310 453 384 165 286 341
3 12 3395 370 475 333 161 491 398 322 131 467 157 366 420 242 388 387 443 277 130 206 314 398 33 385 32
4 12 3808 474 63 338 445 460 318 162 330 329 172 490 321 427 155 467 495 353 259 438 212 472 455 351 92
5 12 3435 413 316 177 34 404 280 267 224 316 148 265 491 395 62 393 245 411 234 423 495 356 407 474 249
6 12 3767 435 249 401 360 495 287 250 330 497 159 49 473 409 29 488 196 300 138 500 3 394 449 491 1
7 12 3611 464 245 301 387 279 316 487 441 224 442 478 500 481 77 210 220 297 105 384 408 461 317 448 85
8 12 3818 395 204 348 449 362 75 399 376 399 433 466 458 356 207 420 20 410 344 434 430 390 452 394 99
9 12 3627 463 197 149 395 478 282 490 377 376 369 484 307 432 431 288 67 436 231 447 101 226 310 265 384
10 12 3707 284 489 466 38 297 65 375 142 435 425 410 369 457 115 218 333 425 124 487 210 474 449 306 62
11 12 4045 498 119 300 326 458 441 484 483 179 388 484 327 485 59 496 184 472 368 435 245 382 205 384 265
12 12 3826 312 316 466 371 263 248 488 247 298 50 374 397 462 377 483 185 420 165 486 419 321 42 410 455
13 12 3286 467 500 489 182 185 432 381 224 195 399 109 471 229 268 378 197 429 383 492 229 417 424 337 210
14 12 3676 426 339 476 27 457 369 242 473 327 458 448 420 483 178 289 111 368 432 267 457 352 173 461 252
15 12 3171 386 179 287 270 348 353 495 466 394 488 322 368 402 278 484 211 94 350 308 496 428 57 16 79
16 12 3614 500 3 390 26 201 318 460 392 269 122 324 456 378 23 488 48 257 490 312 90 499 158 440 279
17 12 3241 258 176 258 98 475 158 440 198 213 129 495 362 232 398 355 105 338 94 266 319 322 293 400 378
18 12 3636 458 180 234 104 487 188 474 185 228 224 472 110 352 67 327 245 247 375 466 284 303 152 498 82
19 12 3884 52 178 487 488 479 78 482 245 406 35 469 315 375 116 211 423 481 21 480 316 457 273 476 19
20 12 3786 353 184 434 21 247 79 440 346 470 210 459 271 420 92 331 244 369 99 442 138 363 274 405 204
21 12 3627 443 76 319 249 356 312 491 403 208 279 476 101 273 214 388 185 433 25 412 191 363 237 372 225
22 12 3794 454 471 331 101 420 193 470 12 400 71 499 385 432 215 382 425 136 327 412 326 408 224 399 123
23 12 3809 449 11 357 389 413 163 332 33 452 374 413 134 433 31 482 3 452 256 371 23 319 448 289 26
24 12 3320 279 422 495 380 187 481 435 447 390 41 313 225 90 258 458 151 357 359 275 272 432 373 440 30
25 12 3456 425 174 400 445 269 480 337 16 496 324 304 420 313 336 245 168 422 207 321 39 367 171 422 221
26 12 3693 334 293 289 2 445 421 408 384 431 62 408 101 285 355 439 137 373 353 398 1 429 259 378 472
27 12 3670 175 445 338 44 473 70 476 432 345 25 398 75 359 169 442 487 309 53 424 101 372 87 477 170
28 12 3811 429 110 498 414 459 224 406 422 189 78 397 285 427 428 460 140 357 324 250 42 444 376 448 51
29 12 3683 496 261 422 328 302 382 397 35 411 447 244 218 482 107 409 235 444 300 319 325 359 453 319 161
30 12 3818 492 145 268 152 139 45 491 390 488 345 385 356 327 133 473 116 474 495 404 223 499 120 333 21
31 12 3116 261 440 426 497 490 431 212 111 188 223 303 281 138 446 386 134 347 453 325 276 368 73 451 341
32 12 3543 478 229 299 272 390 236 169 180 379 416 251 167 424 419 309 338 451 180 365 409 472 321 442 189
33 12 3853 401 487 459 82 315 374 429 69 379 472 495 71 176 418 308 235 497 450 392 117 486 148 480 90
34 12 4028 454 29 481 158 408 310 437 221 438 425 450 381 478 94 134 128 446 333 410 345 467 53 432 292
35 12 4061 433 288 401 372 481 352 371 486 477 212 453 319 227 385 472 324 428 226 471 336 382 407 481 93
36 12 3476 197 138 483 321 251 3 429 118 395 105 468 67 471 452 202 388 394 67 412 308 400 269 244 20
37 12 4160 453 354 310 349 474 350 498 314 404 289 380 445 465 405 419 40 442 390 477 12 393 368 485 140
38 12 2964 332 51 348 380 113 74 221 324 363 200 201 130 390 230 350 58 480 40 231 395 201 70 476 42
39 12 3516 362 159 456 230 365 171 322 139 374 164 478 139 479 236 320 198 401 372 347 2 308 475 184 335
40 12 3322 487 21 420 453 496 143 318 71 365 89 396 500 132 154 137 329 478 4 247 120 493 206 184 119
41 12 3532 392 470 289 500 433 289 297 383 482 154 374 405 390 109 275 103 252 325 345 275 389 377 498 488
42 12 4068 383 192 429 97 477 160 419 5 383 40 380 311 390 451 451 487 492 465 401 102 420 165 460 318
43 12 3885 340 233 404 483 399 357 437 408 484 479 318 228 338 429 447 43 491 38 469 351 299 329 431 249
44 12 3256 216 286 433 434 472 146 409 89 382 289 384 339 476 24 84 414 369 419 450 100 211 267 185 360
45 12 3756 312 101 403 69 218 243 457 56 415 253 480 120 474 146 450 331 451 165 348 400 267 299 421 283
46 12 4179 435 424 285 111 471 273 464 350 487 137 436 436 465 2 470 162 481 118 455 137 285 458 490 12
47 12 3816 375 401 423 110 477 5 441 471 450 400 467 164 152 132 457 161 374 471 318 90 418 236 419 115
48 12 4003 335 158 499 206 386 379 499 173 409 247 294 447 452 342 441 239 460 383 398 137 386 139 445 356
49 12 3740 351 177 149 171 423 431 487 127 453 411 477 413 448 330 366 211 475 95 146 456 426 307 474 134
50 12 3712 488 126 500 267 228 462 224 322 490 363 418 469 243 278 265 437 380 413 483 153 442 366 480 38
51 12 3821 416 184 328 185 448 98 407 41 459 307 278 306 394 343 422 222 384 452 435 226 420 246 386 65
52 12 3929 428 279 311 283 325 379 400 181 444 489 476 26 372 55 474 144 470 127 411 38 483 183 318 285
53 12 3404 169 66 268 45 418 498 377 345 425 262 460 149 290 416 308 189 498 230 280 212 451 302 311 217
54 12 3688 237 62 401 223 444 433 105 213 473 5 414 35 409 298 451 429 419 19 291 105 466 232 500 419
55 12 3563 493 39 403 61 463 193 338 349 273 169 352 132 492 231 239 200 341 198 139 89 460 234 461 26
56 12 3841 494 328 396 489 463 7 166 86 479 341 444 394 391 416 365 134 423 423 357 474 333 457 491 126
57 12 3876 277 487 374 162 421 261 485 164 228 202 439 314 408 217 489 73 487 266 443 266 385 157 410 23
58 12 3078 196 232 292 458 345 322 157 400 316 399 325 253 200 396 421 401 290 140 446 148 479 59 381 483
59 12 3541 437 113 247 333 473 129 245 14 258 351 399 56 261 101 493 297 475 339 489 309 217 436 433 20
60 12 3268 238 488 428 197 335 405 427 101 366 34 310 276 333 162 189 80 462 361 324 97 245 356 429 417
61 12 3954 449 305 354 204 264 258 481 32 445 327 484 103 479 460 479 353 416 67 497 162 162 480 433 421
62 12 3591 228 241 451 298 457 219 346 327 202 201 498 334 477 24 492 323 240 124 432 65 372 52 294 56
63 12 3792 462 28 446 210 446 231 482 405 468 383 460 483 423 391 446 133 379 430 245 371 239 225 244 9
64 12 3791 259 199 471 306 479 60 352 152 415 241 475 453 497 29 348 5 195 167 346 298 418 484 484 182
65 12 3672 380 453 288 426 354 469 271 37 275 132 473 101 485 315 418 488 410 15 359 137 382 196 496 266
66 12 3644 468 255 289 466 330 283 447 266 345 479 448 313 382 198 359 387 387 136 322 398 483 15 295 103
67 12 3561 342 86 473 411 496 61 206 310 442 297 310 168 261 80 485 166 475 190 365 72 353 459 244 185
68 12 3744 263 462 282 411 498 264 429 294 314 18 235 57 500 497 375 267 434 72 465 460 485 406 400 69
69 12 3945 455 412 401 246 366 392 262 490 480 208 441 228 343 225 446 382 388 218 484 22 448 82 418 294
70 12 3716 336 126 497 387 404 119 318 389 282 210 424 118 274 67 491 233 369 315 435 352 479 398 336 201
71 12 3894 480 488 471 317 487 47 344 82 422 483 414 386 422 250 385 304 471 404 243 402 464 495 265 367
72 12 3440 414 11 444 313 464 81 310 313 473 487 418 230 286 163 350 81 279 15 297 296 329 493 237 354
73 12 3773 448 190 270 409 323 392 343 87 463 96 464 307 377 86 466 143 382 60 491 32 297 370 393 228
74 12 3580 479 58 210 287 388 124 194 101 335 47 420 367 475 193 446 102 378 249 320 229 447 19 383 212
75 12 3457 437 267 456 112 376 208 467 446 325 40 485 423 290 81 440 8 148 348 334 135 319 452 245 289
76 12 3640 460 120 337 216 91 344 286 316 382 414 481 93 495 417 404 317 481 129 331 88 401 17 401 140
77 12 3952 324 1 440 140 500 278 458 301 355 221 333 435 465 174 497 172 245 321 416 7 480 25 427 16
78 12 3788 471 246 488 244 431 288 490 370 476 187 113 87 299 448 410 483 449 442 374 332 263 497 471 498
79 12 3823 451 433 261 433 472 325 393 450 411 77 484 254 378 489 351 71 450 303 207 15 484 382 437 49
80 12 3071 391 126 481 294 390 466 422 70 68 138 287 215 135 498 384 326 215 115 306 317 360 289 400 233
81 12 2840 395 178 401 96 138 39 395 3 76 238 133 329 490 68 345 254 139 207 264 426 335 378 440 48
82 12 4133 461 211 463 320 225 60 439 22 365 151 492 493 335 306 478 6 497 358 464 364 488 415 460 433
83 12 3400 436 194 358 495 480 233 335 82 315 31 268 229 84 138 403 292 500 76 316 49 344 387 412 459
84 12 3804 485 205 284 222 445 399 394 35 386 450 267 449 425 380 255 88 468 258 491 460 483 116 373 274
85 12 3667 336 207 402 445 212 49 395 379 467 395 398 35 395 109 457 57 453 285 304 489 428 280 337 349
86 12 3991 500 170 466 8 280 93 283 71 465 269 373 54 473 60 422 419 453 165 387 391 462 321 425 354
87 12 3867 282 151 492 115 417 108 480 495 311 9 446 6 443 171 330 34 479 56 308 102 347 389 499 178
88 12 3720 434 377 383 431 470 489 495 399 426 3 89 146 187 346 374 274 443 416 473 264 495 420 381 296
89 12 3460 242 450 450 342 442 123 308 437 408 11 334 21 393 109 317 50 376 127 499 474 206 162 350 186
90 12 3627 479 255 447 304 269 367 387 312 389 461 149 259 407 177 431 231 380 368 220 326 488 106 488 305
91 12 3450 375 129 403 493 249 37 464 223 231 58 341 151 391 138 197 206 477 32 387 246 452 411 346 452
92 12 3886 382 489 410 378 429 139 467 415 389 427 351 187 299 384 409 230 407 263 401 428 454 357 460 412
93 12 3713 335 453 459 38 437 150 423 170 337 247 234 409 467 291 417 353 500 311 324 72 387 66 322 198
94 12 3776 392 21 462 38 466 105 399 335 496 298 278 269 418 389 484 20 307 214 289 247 365 423 364 61
95 12 3471 330 467 151 37 333 394 381 123 407 225 348 110 413 355 264 386 479 69 459 31 352 203 422 431
96 12 3629 376 99 189 363 466 314 480 139 347 449 460 186 301 54 491 217 494 229 270 451 452 362 211 309
97 12 3453 292 292 444 38 229 24 388 222 344 499 429 321 235 142 483 182 494 468 442 412 408 59 129 244
98 12 3701 404 292 343 313 390 279 466 444 401 192 283 153 347 238 324 366 464 209 407 17 381 213 417 310
99 12 3943 494 375 404 200 336 115 411 271 471 211 389 309 403 474 400 316 358 354 458 250 334 100 471 494
100 12 3502 457 35 471 153 413 498 492 427 193 477 405 127 227 179 468 411 414 129 328 332 277 131 233 369
