1 12 3342 72 86 417 130 293 301 283 45 366 243 305 201 272 400 468 167 489 395 415 177 371 439 427 472
2 12 3947 431 417 476 296 481 304 346 354 407 224 372 69 390 434 453 88 384 165 370 475 333 161 491 398
3 12 3809 467 157 366 420 242 388 387 443 452 392 474 63 338 445 460 318 330 288 329 172 490 321 427 155
4 12 3812 413 188 467 495 353 259 438 212 472 455 351 92 177 34 404 280 491 225 395 62 393 245 411 234
5 12 3999 401 360 495 287 250 330 497 159 473 321 409 29 488 196 300 138 500 3 394 449 491 1 301 387
6 12 4203 487 441 442 452 478 500 481 77 384 408 461 317 395 204 449 197 413 439 399 376 399 433 466 458
7 12 3756 434 430 390 452 394 99 395 208 478 282 490 377 376 369 484 307 432 431 288 67 309 91 226 358
8 12 3772 265 384 362 263 284 489 466 38 297 65 375 142 435 425 410 369 457 115 453 279 425 124 487 210
9 12 3896 306 62 344 79 495 475 300 326 441 147 484 483 179 388 484 327 485 59 496 184 472 368 384 265
10 12 3730 263 248 488 247 298 50 374 397 467 84 483 185 420 165 486 419 489 182 195 399 471 436 229 268
11 12 4005 429 383 492 229 417 424 337 210 360 150 426 339 476 27 457 369 473 436 483 178 289 111 368 432
12 12 3834 479 69 457 226 213 75 461 252 495 466 394 488 322 368 402 278 484 211 350 473 308 496 428 57
13 12 3784 362 403 500 3 390 26 201 318 460 392 460 245 324 456 335 257 312 90 499 158 440 279 448 26
14 12 3732 258 98 475 158 440 198 338 94 319 197 322 293 400 378 485 459 458 180 474 185 224 99 472 110
15 12 4148 327 245 375 453 440 9 400 208 479 78 482 245 406 35 469 315 407 27 439 401 481 21 480 316
16 12 4092 476 19 434 21 425 436 440 346 470 210 459 271 420 92 442 138 363 274 405 204 338 285 443 76
17 12 3772 344 401 319 249 356 312 491 403 208 279 476 101 471 499 388 185 433 25 412 191 363 237 454 471
18 12 3768 421 350 331 101 420 193 470 12 400 71 499 385 432 215 382 425 136 327 449 11 357 389 413 163
19 12 4143 486 412 413 134 433 31 482 3 452 256 371 23 319 448 422 364 495 380 481 351 435 447 390 41
20 12 3610 357 359 275 272 432 373 440 30 400 445 269 480 337 16 496 324 304 420 313 336 399 465 491 165
21 12 3675 384 282 431 62 408 101 285 355 407 105 373 353 398 1 429 259 472 144 264 89 345 25 398 75
22 12 3888 442 487 309 53 424 101 372 87 477 170 498 414 459 224 406 422 189 78 397 285 428 91 460 140
23 12 4140 487 88 469 69 498 358 444 376 448 51 422 328 302 382 397 35 411 447 409 235 444 300 444 168
24 12 3762 319 161 268 152 139 45 491 390 488 345 385 356 430 175 473 116 474 495 404 223 499 120 333 21
25 12 3718 440 333 426 497 490 431 303 281 446 290 386 134 347 453 451 341 299 272 390 236 251 167 419 425
26 12 3912 412 49 309 338 451 180 365 409 472 321 442 189 339 467 401 487 459 82 315 374 429 69 497 450
27 12 4046 361 355 401 66 486 148 480 90 242 312 408 310 437 221 438 425 450 381 478 94 410 345 467 53
28 12 3914 401 372 481 352 371 486 477 212 453 319 227 385 483 251 183 268 471 336 382 407 481 93 483 321
29 12 3960 121 203 489 347 429 118 395 105 468 67 471 452 412 308 310 349 474 350 498 314 465 405 419 40
30 12 3869 477 12 393 368 485 140 466 470 332 51 348 380 363 200 412 423 480 40 395 151 324 260 362 159
31 12 3837 365 171 322 139 374 164 478 139 479 236 320 198 401 372 347 2 308 475 487 21 420 453 496 143
32 12 4043 456 72 318 71 365 89 396 500 415 30 389 247 493 206 470 142 500 199 433 289 355 24 464 304
33 12 3560 390 109 275 103 252 325 345 275 389 377 498 488 347 458 383 192 419 5 383 40 380 311 390 451
34 12 3934 492 465 340 233 404 483 399 357 437 408 484 479 318 228 338 429 447 43 491 38 469 351 299 329
35 12 3856 253 255 472 146 409 89 402 368 384 339 476 24 414 231 369 419 450 100 426 128 309 218 457 56
36 12 4032 480 120 474 146 450 331 451 165 400 394 267 299 421 283 442 481 435 424 285 111 471 273 464 350
37 12 4276 442 436 465 2 470 162 481 118 455 137 285 458 490 12 423 110 477 5 441 471 450 400 467 164
38 12 4134 345 26 471 400 318 90 418 236 483 217 499 206 386 379 499 173 409 247 447 439 452 342 441 239
39 12 3899 398 137 386 139 445 356 370 344 423 431 487 127 453 411 477 413 448 330 366 211 475 95 146 456
40 12 3700 474 134 347 500 228 462 418 469 243 278 265 437 380 413 483 153 442 366 480 38 407 41 459 307
41 12 3939 394 343 422 222 384 452 435 226 420 246 386 65 452 33 428 279 311 283 444 489 476 26 372 55
42 12 3977 470 127 411 38 483 183 285 133 444 56 467 43 268 45 498 262 345 422 425 262 460 149 416 341
43 12 3824 498 230 280 212 451 302 311 217 318 439 473 5 414 35 409 298 451 429 419 19 291 105 466 232
44 12 3772 403 61 463 193 338 349 273 169 352 132 492 231 377 393 486 253 139 89 460 234 461 26 472 67
45 12 3898 396 489 463 7 166 86 479 341 444 394 391 416 439 270 423 423 474 378 333 457 491 126 374 162
46 12 3800 485 164 495 209 489 73 487 266 443 266 292 458 322 141 475 73 316 399 325 253 200 396 421 401
47 12 3732 466 291 479 59 381 483 247 333 473 129 245 14 258 351 399 56 261 101 493 297 475 339 489 309
48 12 3536 488 342 427 101 366 34 310 276 333 162 324 97 245 356 429 417 354 204 210 445 456 301 479 460
49 12 3902 416 67 497 162 480 408 433 421 380 378 241 307 451 298 457 219 346 327 202 201 498 334 477 24
50 12 3916 309 372 462 28 446 210 446 231 482 405 468 383 460 483 423 391 446 133 379 430 244 9 331 494
51 12 4080 471 306 479 60 352 152 489 265 475 453 497 29 348 5 455 80 484 182 426 161 354 469 271 37
52 12 4076 473 101 485 315 418 488 410 15 359 137 382 196 496 266 362 451 468 255 466 234 330 283 447 266
53 12 3712 448 313 382 198 359 387 483 15 295 103 473 411 496 61 206 310 442 297 310 168 261 80 485 166
54 12 3798 365 72 459 246 263 462 411 418 498 264 429 294 314 18 235 57 500 497 375 267 434 72 465 460
55 12 4050 339 496 485 406 400 69 401 246 366 392 490 111 480 208 441 228 343 225 446 382 388 218 484 22
56 12 3792 404 119 318 389 454 84 424 118 280 102 491 233 369 315 435 352 479 398 336 201 271 366 480 488
57 12 3885 487 47 344 82 422 483 414 386 422 250 385 304 471 404 265 367 278 155 461 299 444 313 464 81
58 12 3744 473 487 418 230 279 15 297 296 493 250 448 190 270 409 323 392 343 87 463 96 464 307 409 25
59 12 4030 370 434 393 228 396 71 427 24 436 310 335 47 420 367 475 193 446 102 447 19 437 267 456 112
60 12 3394 467 446 81 201 440 8 319 452 460 120 337 216 91 344 286 316 382 414 481 93 495 417 404 317
61 12 3872 331 88 401 17 324 1 440 140 500 278 458 301 355 221 333 435 465 174 497 172 321 448 416 7
62 12 4227 318 85 480 25 427 16 470 89 471 246 488 244 431 288 490 370 476 187 410 483 449 442 374 332
63 12 4198 405 33 497 138 498 451 393 450 449 175 484 254 378 489 351 71 450 303 422 118 484 382 437 49
64 12 3675 391 126 481 294 390 466 422 70 442 261 287 215 498 356 384 326 360 289 400 233 401 96 138 39
65 12 3556 479 331 395 3 490 68 345 254 139 207 264 426 378 434 440 48 463 320 225 60 492 493 335 306
66 12 4409 464 114 478 6 497 358 464 364 488 415 460 433 410 255 436 194 358 495 480 233 477 356 500 76
67 12 4054 387 479 485 205 284 222 445 399 394 35 450 424 449 272 425 380 491 460 483 116 373 274 402 445
68 12 3535 405 82 467 395 315 112 395 109 457 57 453 285 304 489 428 280 337 349 205 318 280 93 373 54
69 12 4027 422 419 453 165 387 391 462 321 425 354 492 115 311 9 446 6 479 56 499 178 300 258 358 176
70 12 4104 483 124 383 431 470 489 495 399 426 3 274 469 443 416 473 264 495 420 296 242 450 342 442 123
71 12 3500 408 11 334 21 393 109 317 50 376 127 499 474 206 162 350 186 447 304 269 367 387 312 389 461
72 12 3659 407 177 431 231 380 368 326 117 488 106 488 305 332 289 375 129 403 493 249 37 464 223 231 58
73 12 3844 332 345 301 50 451 78 387 246 452 411 452 132 410 378 429 139 467 415 389 427 351 187 384 297
74 12 3896 407 263 401 428 454 357 460 412 459 38 337 247 234 409 467 291 324 72 462 38 466 105 399 335
75 12 3620 278 269 418 389 484 20 307 214 289 247 365 423 364 61 381 123 407 225 459 31 352 203 422 431
76 12 3629 376 99 189 363 466 314 480 139 347 449 460 186 301 54 491 217 494 229 270 451 452 362 211 309
77 12 3845 322 234 398 213 344 499 429 321 494 468 442 412 404 306 404 292 313 155 390 279 466 444 401 192
78 12 3803 347 238 324 366 464 209 407 17 381 213 417 310 404 200 336 115 411 271 471 211 389 309 403 474
79 12 3845 358 354 458 250 334 100 471 494 471 153 413 498 492 427 193 477 405 127 330 384 468 411 414 129
80 12 3429 277 131 369 363 442 460 429 118 479 475 50 419 222 485 401 200 398 254 253 484 484 414 483 92
81 12 4133 469 23 445 346 452 58 466 340 305 498 432 427 409 458 365 374 400 138 467 25 472 341 485 220
82 12 3456 320 13 489 107 351 42 415 134 277 465 339 15 470 53 357 171 293 207 269 86 327 476 413 338
83 12 3589 376 295 148 359 467 11 344 281 229 461 493 497 449 32 492 33 342 122 232 209 429 166 486 155
84 12 4140 467 356 490 122 491 332 495 464 402 168 488 194 390 239 369 314 479 372 498 94 450 420 156 425
85 12 3816 374 416 437 392 454 103 428 126 308 206 458 238 317 394 346 406 415 132 374 230 405 337 455 140
86 12 3850 409 261 434 259 492 182 342 339 259 330 491 28 459 226 495 211 323 396 289 500 456 387 364 312
87 12 4044 458 161 493 353 452 26 337 144 216 383 478 187 321 199 466 386 498 251 483 357 416 341 437 147
88 12 3958 378 196 492 14 487 397 429 455 425 96 246 75 390 14 498 108 377 76 482 262 435 69 309 402
89 12 3725 402 491 343 303 161 441 420 60 451 130 359 130 450 438 366 371 473 185 479 499 440 160 313 381
90 12 4058 455 198 456 281 270 322 468 86 486 457 462 352 375 22 345 499 488 264 409 443 381 305 478 424
91 12 3542 383 369 374 99 253 5 483 66 430 217 321 441 263 361 479 284 391 256 382 458 361 465 308 495
92 12 3884 437 490 275 412 469 257 401 22 386 338 497 96 377 153 417 234 294 151 413 408 420 470 469 246
93 12 3864 422 170 447 32 254 402 420 393 493 213 446 314 321 374 464 85 360 48 498 188 324 438 382 431
94 12 3460 373 72 390 432 195 36 366 498 433 377 305 10 221 335 456 498 404 254 391 235 486 288 305 85
95 12 4056 348 25 436 144 364 369 480 491 442 346 468 207 426 282 487 248 411 164 241 255 475 405 492 237
96 12 3792 412 354 98 218 408 386 477 424 270 197 319 251 497 14 463 223 467 475 488 311 371 215 471 291
97 12 4299 414 400 489 167 474 91 471 22 476 289 438 173 491 121 402 295 489 121 434 41 440 79 356 488
98 12 3613 483 373 486 411 349 21 334 409 426 287 385 337 328 162 290 155 255 446 388 434 358 237 435 432
99 12 3952 336 69 323 297 421 405 484 10 409 386 451 62 302 2 417 386 366 171 493 271 450 407 488 155
100 12 3704 388 407 361 492 439 183 463 189 485 52 406 284 106 302 460 204 433 227 399 49 243 477 448 14
