1 17 614 15 2 18 452 81 38 60 834 11 259 22 295 59 120 61 242 7 568 86 457 27 901 96 617 98 566 3 89 3 776 55 514 66 470
2 17 540 20 486 61 89 41 543 9 800 71 506 30 690 4 657 94 520 34 130 3 852 68 170 58 548 35 189 61 978 64 790 17 937 6 833
3 17 709 7 354 30 654 75 162 88 530 24 197 68 342 30 854 55 943 63 954 96 213 59 862 54 833 20 216 96 427 60 67 35 72 27 650
4 17 728 71 701 25 86 97 477 61 743 46 782 76 691 31 708 82 46 45 744 16 138 55 693 78 466 87 722 54 332 20 620 35 905 32 175
5 17 783 11 330 14 471 58 305 69 818 74 102 95 666 5 322 99 379 80 219 10 643 40 261 94 503 32 928 93 516 44 672 64 944 97 208
6 17 856 58 801 77 774 74 68 84 228 62 484 11 776 78 138 89 773 91 96 87 639 41 553 19 260 42 161 63 162 76 268 39 887 80 796
7 17 791 7 99 48 188 91 558 79 634 70 475 88 399 77 132 74 770 59 63 39 948 27 125 64 454 27 796 29 435 68 44 89 645 53 919
8 17 779 64 646 88 324 6 660 18 575 58 809 66 242 35 114 60 502 87 980 76 642 86 586 31 698 83 471 38 430 35 281 85 167 58 933
9 17 692 99 705 27 518 40 503 97 980 46 992 19 911 88 553 43 185 24 226 30 463 23 434 95 218 78 408 25 943 8 909 32 663 92 859
10 17 520 8 301 39 701 10 183 71 511 29 825 38 631 54 841 46 925 36 10 7 807 11 559 34 361 54 223 45 631 16 295 53 203 99 288
11 17 639 79 84 13 785 17 490 81 823 8 480 6 810 83 402 47 454 86 845 12 990 72 403 82 615 45 256 24 366 30 406 25 927 89 947
12 17 653 50 312 18 62 23 384 15 119 51 806 87 326 50 423 79 440 71 801 39 719 9 274 12 443 99 300 58 110 27 604 41 234 88 378
13 17 757 39 962 63 462 50 42 66 8 93 243 27 330 35 677 91 296 26 994 34 317 10 4 95 568 65 320 94 170 15 283 58 918 86 54
14 17 772 82 93 6 34 26 976 32 392 60 15 28 192 75 801 90 1000 33 6 79 429 90 379 26 209 64 98 97 356 66 7 34 429 78 316
15 17 776 99 855 1 207 93 537 49 71 15 533 71 781 84 557 35 67 97 602 12 773 56 151 64 896 88 472 39 278 84 472 51 221 33 765
16 17 869 20 141 65 867 98 592 89 175 60 448 16 884 66 904 48 302 96 376 100 595 64 481 66 83 68 767 59 164 96 188 23 249 53 172
17 17 697 97 473 16 420 17 440 12 505 60 291 21 385 92 429 43 768 12 815 37 780 93 697 64 896 80 169 90 51 86 789 42 407 10 376
18 17 788 44 898 73 393 15 736 83 536 88 163 96 116 91 798 1 751 80 416 87 932 8 915 32 238 72 55 42 940 94 840 60 39 20 334
19 17 651 32 688 87 11 86 4 38 233 30 297 17 779 20 903 79 168 20 657 45 782 93 165 40 235 42 92 42 297 6 790 41 415 96 192
20 17 729 2 798 98 280 76 141 14 430 28 626 87 794 91 514 47 751 30 738 36 543 97 349 62 33 46 863 32 861 58 37 14 566 94 401
21 17 648 88 688 47 894 62 202 19 452 2 716 53 630 50 675 46 91 62 522 42 273 93 530 12 768 25 33 73 105 53 187 78 568 5 977
22 17 720 52 908 96 141 63 144 51 365 52 931 32 75 60 176 13 749 36 284 22 526 14 39 87 470 85 661 93 820 46 737 84 913 15 783
23 17 694 51 261 23 320 46 307 52 883 91 36 53 913 37 230 7 757 57 946 82 720 24 262 44 130 67 371 91 228 56 57 39 4 48 43
24 17 716 38 364 51 465 61 429 19 771 51 267 2 159 66 879 85 67 25 117 84 973 27 419 87 816 95 572 90 612 13 123 47 246 54 485
25 17 674 6 674 31 166 28 570 100 687 24 157 88 743 99 655 95 599 8 652 53 693 16 428 50 734 8 846 26 715 92 812 89 372 30 967
26 17 775 97 530 90 595 47 81 35 652 69 80 68 56 64 3 33 431 56 24 26 519 76 358 2 775 2 819 70 568 71 640 97 7 66 970
27 17 634 12 268 61 94 76 991 9 368 58 991 38 939 65 496 1 516 10 899 29 735 46 925 8 32 62 484 95 281 74 869 72 489 77 24
28 17 759 73 587 30 408 58 892 77 134 53 315 72 979 14 776 12 630 63 386 64 931 68 741 14 469 88 907 53 122 50 326 78 130 82 976
29 17 760 50 135 41 595 4 99 75 311 80 119 86 237 40 531 32 924 83 753 69 552 43 933 30 167 97 398 37 201 100 14 39 839 45 329
30 17 688 57 542 97 540 56 288 14 20 54 867 80 241 100 134 31 448 87 972 12 837 9 465 65 336 9 820 52 909 39 934 16 999 83 784
31 17 594 89 978 46 364 37 89 87 762 13 447 39 15 80 218 4 942 77 871 17 256 16 932 46 24 54 500 68 756 2 393 29 635 39 720
32 17 694 35 398 22 857 2 766 99 411 46 900 100 580 48 179 79 716 93 141 91 164 66 834 7 848 34 889 68 217 42 293 16 496 20 504
33 17 762 72 325 30 658 64 90 90 84 35 341 41 439 43 81 71 851 13 678 96 56 6 914 47 738 20 909 49 117 95 530 88 78 93 654
34 17 798 92 895 12 840 39 402 84 850 67 454 14 507 84 920 97 125 36 174 52 7 68 578 11 222 74 302 87 84 96 533 14 913 71 452
35 17 660 16 222 49 425 8 149 43 453 93 128 51 334 78 548 36 522 61 574 30 539 70 316 71 625 95 989 39 931 11 856 46 728 28 502
36 17 695 49 508 37 787 8 976 12 677 65 181 74 803 50 556 59 381 36 469 64 476 97 300 43 597 76 188 3 700 34 946 62 114 100 389
37 17 799 15 274 86 226 12 116 73 110 81 646 83 371 100 439 68 516 57 754 61 31 1 157 60 36 56 790 83 658 70 346 33 580 60 1000
38 17 667 1 382 93 752 59 780 23 52 41 11 64 155 71 919 26 783 63 895 54 217 25 633 92 586 49 25 65 648 19 912 13 180 76 432
39 17 630 31 548 98 670 10 513 10 979 40 168 9 838 28 784 25 263 20 759 73 705 81 749 63 181 18 254 38 483 97 392 100 998 47 315
40 17 636 60 558 23 110 16 188 4 681 90 516 6 352 73 906 35 543 69 472 72 850 48 474 52 82 20 758 61 949 73 315 6 772 88 315
41 17 467 8 510 54 794 1 459 37 598 37 667 35 834 43 125 26 989 57 724 47 180 80 709 9 209 25 978 68 54 19 532 25 638 13 393
42 17 774 83 364 58 40 55 4 45 643 26 585 31 247 80 65 76 713 56 326 68 792 98 969 17 918 92 146 36 467 21 208 28 737 98 22
43 17 606 67 579 95 378 37 455 19 447 8 197 47 636 95 823 22 704 30 133 53 628 65 741 37 240 11 256 55 737 2 604 66 55 49 245
44 17 882 23 874 66 703 50 170 75 187 91 468 95 931 85 567 54 879 61 18 31 170 91 996 80 163 42 103 1 355 98 175 98 958 62 155
45 17 648 71 490 82 372 7 938 2 630 75 549 24 540 82 422 6 846 65 877 42 801 33 625 97 350 5 147 28 960 73 632 27 643 92 427
46 17 658 96 366 4 59 42 780 53 400 31 292 26 118 71 180 37 868 4 41 50 205 16 594 85 243 88 879 47 692 37 227 94 392 42 918
47 17 670 55 500 79 840 4 183 67 397 49 737 9 197 42 337 89 348 28 933 92 1 56 484 33 51 64 726 3 548 81 151 41 553 46 213
48 17 622 20 50 26 323 68 180 57 518 62 916 99 886 38 152 64 688 22 801 44 983 14 800 38 434 64 138 50 711 34 624 64 733 14 211
49 17 684 77 982 46 806 6 804 73 662 26 650 23 251 42 9 56 398 31 15 27 618 88 951 82 201 64 685 31 101 89 979 38 386 56 683
50 17 603 21 229 57 605 93 545 29 427 16 941 75 998 47 961 78 20 37 865 41 50 50 753 38 584 83 11 39 726 5 473 4 116 41 500
51 17 709 92 744 48 449 75 212 35 509 94 342 63 179 45 372 82 907 57 941 32 841 22 699 78 703 4 898 40 760 62 854 9 537 49 596
52 17 775 14 201 40 180 84 410 39 470 98 62 77 151 7 717 54 253 93 452 78 332 93 939 22 24 80 256 15 998 71 769 88 828 16 367
53 17 511 5 863 17 430 34 465 61 608 1 851 81 928 60 648 5 50 43 884 77 190 85 426 41 367 33 272 1 653 5 341 7 586 83 605
54 17 578 32 516 34 290 33 633 82 10 45 396 48 797 54 245 59 603 38 281 26 279 40 898 13 22 38 791 51 609 64 433 50 906 16 370
55 17 836 79 713 27 778 83 40 33 443 62 338 33 99 98 419 83 663 37 65 56 615 71 726 91 121 75 826 39 268 87 461 7 964 85 6
56 17 600 57 904 51 511 10 927 75 320 5 94 100 436 21 637 12 895 58 270 6 615 16 578 70 972 20 840 56 216 85 191 73 10 35 666
57 17 568 16 150 99 652 76 373 13 961 30 701 19 107 22 844 67 766 10 958 35 541 2 474 87 507 90 597 53 186 37 780 9 81 46 322
58 17 633 14 449 18 7 52 174 72 915 64 302 56 911 53 428 19 474 72 72 72 463 22 534 44 51 69 447 81 534 66 550 1 544 17 505
59 17 752 67 407 72 55 2 146 29 863 43 746 88 248 6 125 85 75 35 167 70 799 39 890 81 983 54 74 96 648 66 674 20 32 87 809
60 17 694 22 992 22 647 59 359 77 811 31 95 26 397 74 936 75 962 74 937 12 258 61 37 84 92 71 103 69 707 61 626 8 671 42 803
61 17 672 41 700 96 563 48 833 81 489 24 336 85 242 42 482 86 642 30 78 81 798 23 930 20 106 20 640 36 556 74 397 35 279 18 462
62 17 817 67 824 85 280 45 668 67 430 59 577 26 3 94 981 89 329 85 816 57 768 4 564 87 361 13 549 83 10 46 357 58 382 57 751
63 17 767 13 541 88 880 56 934 72 840 82 10 21 143 55 319 78 585 41 315 43 386 82 17 100 676 70 141 21 569 17 709 32 771 88 724
64 17 633 75 671 69 466 15 504 36 813 39 209 75 393 71 795 12 1 86 545 52 756 50 944 48 288 15 131 60 719 70 350 6 890 13 37
65 17 636 41 88 73 546 95 528 14 177 56 515 62 391 55 952 66 864 25 569 2 364 34 374 43 332 63 859 60 694 69 126 5 795 32 150
66 17 704 19 337 89 63 98 251 89 93 16 618 15 105 30 247 52 985 85 387 21 4 99 93 12 65 32 178 66 405 86 329 31 622 40 744
67 17 703 18 442 88 155 52 286 34 1 67 670 48 505 45 953 15 340 51 276 49 387 50 360 16 361 54 858 34 220 100 389 83 529 75 493
68 17 692 92 20 45 811 4 844 77 649 38 709 70 586 72 572 22 298 38 2 16 793 37 569 86 710 86 378 19 919 37 280 55 974 72 176
69 17 702 45 906 94 937 50 137 9 221 46 430 35 122 13 318 100 622 72 419 62 291 63 670 50 888 26 751 58 850 17 324 48 674 90 493
70 17 656 13 414 91 893 100 991 30 521 3 249 36 232 35 245 47 238 52 773 85 302 66 478 37 903 86 604 22 764 80 431 7 821 31 894
71 17 664 16 487 15 436 97 433 22 741 70 818 47 469 25 184 31 585 89 73 60 7 44 637 31 650 55 888 41 336 72 249 91 638 24 321
72 17 680 99 425 29 535 4 304 65 758 28 1 9 253 83 982 74 780 16 430 6 179 98 755 69 769 38 711 48 426 83 858 27 396 74 643
73 17 740 38 266 58 859 17 350 95 395 24 82 78 31 94 354 89 30 13 125 13 359 35 948 29 990 81 233 45 997 91 239 54 726 71 642
74 17 553 8 665 11 42 96 163 19 522 24 880 59 665 86 283 100 980 23 861 77 650 26 818 43 177 23 363 25 375 14 445 2 569 56 475
75 17 659 42 484 65 606 12 561 52 935 28 28 90 631 58 772 2 268 49 742 40 422 70 330 91 659 78 650 39 552 19 617 74 184 15 445
76 17 798 51 924 91 311 69 356 47 389 96 125 46 597 20 543 36 878 78 224 48 444 90 535 93 591 70 12 55 220 16 475 58 545 34 183
77 17 451 13 74 16 591 34 101 36 758 13 832 32 231 51 100 34 435 22 155 31 453 81 847 69 838 23 850 49 824 13 98 41 433 6 783
78 17 656 63 275 43 618 4 676 14 916 91 149 36 729 9 817 95 791 65 815 93 70 44 147 28 883 3 378 10 123 60 234 68 186 94 802
79 17 886 98 918 74 164 37 630 80 634 46 914 63 9 75 772 69 65 100 648 77 449 83 675 60 176 27 858 10 138 76 491 95 990 38 142
80 17 629 50 351 10 836 62 83 47 994 81 900 48 353 33 391 73 721 16 709 6 945 76 831 79 502 24 101 81 74 14 971 44 295 43 595
81 17 542 87 261 21 960 49 179 28 476 36 907 49 58 63 409 97 165 32 99 81 815 15 620 11 798 30 798 2 756 56 995 7 866 14 295
82 17 678 10 441 27 212 64 997 91 949 7 58 11 826 88 89 85 510 96 921 98 83 7 899 32 762 38 747 12 45 67 558 96 815 19 267
83 17 511 26 891 63 666 20 558 29 540 53 636 1 718 15 487 35 890 6 763 36 328 42 394 82 237 69 134 65 47 39 934 34 106 24 251
84 17 744 67 863 34 583 38 865 35 576 43 979 81 50 75 501 97 961 84 703 41 537 20 512 32 136 6 280 24 281 75 7 98 601 80 953
85 17 796 43 300 28 719 67 853 84 657 89 155 38 557 95 670 59 146 29 162 51 906 29 637 8 136 46 39 77 943 88 648 78 965 86 501
86 17 566 49 550 60 366 2 536 78 976 11 979 95 592 68 76 66 394 25 763 22 814 97 470 19 241 40 31 28 149 7 40 29 210 12 547
87 17 569 16 597 97 863 65 502 25 6 41 486 14 977 76 694 86 234 24 786 81 790 21 210 34 813 2 540 22 296 46 876 52 933 10 890
88 17 720 62 935 42 134 95 706 91 39 60 188 71 628 92 178 39 403 15 775 79 155 14 824 30 616 80 539 54 487 13 39 14 569 49 905
89 17 760 71 394 19 67 35 564 91 620 13 698 19 617 29 156 95 648 70 996 68 628 81 606 58 759 48 889 10 363 70 723 93 460 81 567
90 17 582 84 418 8 629 45 360 57 884 64 779 41 785 62 810 57 691 13 906 21 512 82 909 41 797 14 903 55 701 25 520 57 432 2 506
91 17 850 72 954 53 23 45 892 79 118 74 337 79 969 49 279 55 360 71 524 30 299 17 41 94 382 94 505 81 769 97 3 56 663 17 101
92 17 565 15 760 44 786 23 43 15 383 21 442 8 647 13 884 73 14 40 401 82 559 55 311 89 402 10 260 47 563 48 615 78 134 46 387
93 17 667 31 458 61 653 40 231 70 430 12 197 62 424 56 271 46 558 83 153 85 353 96 1 63 960 46 80 9 874 26 585 7 906 41 676
94 17 649 81 461 13 790 29 302 41 95 14 951 3 83 65 191 52 691 91 866 77 723 33 317 16 113 92 32 46 697 88 730 22 342 49 409
95 17 722 24 277 67 685 48 635 69 711 75 172 33 425 66 252 49 383 36 956 25 278 96 286 48 319 79 640 7 395 81 475 75 694 25 3
96 17 760 76 123 79 505 31 615 24 950 73 532 37 120 67 610 19 979 98 866 5 839 58 905 100 695 29 773 80 800 92 311 15 469 67 129
97 17 647 64 55 15 796 76 730 12 177 80 86 100 81 12 263 5 307 36 829 28 59 66 669 61 956 78 8 50 180 24 985 79 411 23 459
98 17 611 12 238 35 3 13 44 75 27 26 37 7 784 61 939 58 283 100 50 40 865 31 578 44 665 49 425 60 238 77 964 71 308 5 122
99 17 680 80 805 93 698 61 678 83 748 16 810 78 319 22 237 52 550 17 205 51 44 65 690 26 550 27 248 4 571 21 164 78 316 76 400
100 17 780 100 439 98 694 9 915 77 325 39 859 92 858 73 193 5 660 96 278 32 838 20 10 77 343 8 204 57 728 83 448 57 308 52 351
