1 17 671 15 59 18 164 81 791 60 622 11 66 22 184 59 554 61 581 7 74 86 855 27 328 96 952 98 978 3 83 55 548 66 658 74 715
2 17 591 61 578 41 406 9 143 71 703 30 323 4 62 94 936 34 284 3 99 68 649 58 576 35 310 61 640 64 661 17 239 6 122 83 814
3 17 755 30 315 75 723 88 878 24 188 68 664 30 348 55 589 63 662 96 953 59 618 54 566 20 153 96 950 60 557 35 289 27 292 64 649
4 17 733 25 186 97 962 61 626 46 485 76 760 31 336 82 795 45 475 16 91 55 560 78 779 87 873 54 523 20 217 35 403 32 271 77 750
5 17 791 14 132 58 555 69 703 74 719 95 951 5 14 99 981 80 784 10 126 40 363 94 933 32 372 93 927 44 457 64 670 97 964 21 214
6 17 859 77 782 74 707 84 831 62 616 11 152 78 756 89 892 91 898 87 870 41 415 19 145 42 372 63 603 76 743 39 430 80 803 61 571
7 17 804 48 444 91 905 79 789 70 691 88 869 77 752 74 748 59 550 39 439 27 210 64 634 27 308 29 274 68 646 89 893 53 568 24 253
8 17 744 88 873 6 86 18 183 58 603 66 640 35 292 60 599 87 876 76 758 86 856 31 336 83 825 38 366 35 312 85 839 58 615 20 273
9 17 627 27 268 40 398 97 973 46 511 19 252 88 876 43 386 24 190 30 294 23 212 95 941 78 773 25 312 8 150 32 341 92 923 17 96
10 17 549 39 411 10 40 71 710 29 327 38 395 54 571 46 505 36 290 7 125 11 114 34 313 54 508 45 463 16 123 53 501 99 980 45 482
11 17 629 13 174 17 165 81 814 8 67 6 111 83 818 47 463 86 867 12 205 72 705 82 818 45 417 24 216 30 284 25 308 89 899 67 670
12 17 688 18 101 23 207 15 86 51 539 87 865 50 490 79 786 71 719 39 412 9 47 12 109 99 990 58 539 27 278 41 369 88 876 94 939
13 17 749 63 619 50 454 66 625 93 925 27 244 35 371 91 907 26 331 34 316 10 8 95 946 65 629 94 928 15 105 58 615 86 838 29 334
14 17 530 6 12 98 975 40 404 2 64 81 817 100 1000 1 63 43 475 38 349 21 230 10 182 36 377 1 61 32 292 99 983 1 86 54 535
15 17 771 15 155 71 723 84 841 35 292 97 964 12 168 56 526 64 661 88 874 39 358 84 836 51 473 33 357 73 713 15 166 87 879 60 623
16 17 799 60 587 16 216 66 681 48 452 96 954 100 999 64 633 66 630 68 690 59 563 96 954 23 189 53 493 50 541 48 437 42 382 44 398
17 17 803 60 577 21 192 92 911 43 452 12 175 37 397 93 924 64 662 80 786 90 889 86 859 42 404 10 78 70 691 90 903 40 350 74 754
18 17 740 88 869 96 955 91 910 1 53 80 794 87 877 8 152 32 282 72 685 42 464 94 939 60 558 20 174 82 813 69 711 2 82 1 59
19 17 624 91 908 17 118 66 653 79 801 17 147 24 222 10 76 30 235 79 786 42 468 20 203 2 75 98 978 76 736 14 123 28 291 87 877
20 17 812 52 510 76 741 74 730 55 586 35 363 4 25 87 858 87 863 4 49 94 932 86 868 69 686 90 896 21 152 46 399 72 717 63 629
21 17 644 46 406 62 621 42 384 93 925 12 165 25 170 73 702 53 495 78 782 5 134 57 568 91 917 15 162 15 145 37 366 94 929 8 92
22 17 672 13 172 36 328 22 220 14 54 87 868 85 854 93 930 46 482 84 847 15 190 70 695 27 221 32 314 31 309 89 893 4 42 92 911
23 17 680 7 113 57 608 82 820 24 199 44 394 67 656 91 901 56 518 39 319 48 423 88 873 37 365 47 476 43 392 78 771 27 197 16 186
24 17 754 85 836 25 190 84 853 27 249 87 877 95 948 90 900 13 56 47 437 54 539 34 272 68 661 17 129 57 613 69 671 16 220 75 768
25 17 553 95 951 8 105 53 548 16 144 50 518 8 136 26 291 92 921 89 879 30 360 23 301 53 568 60 592 9 52 66 666 8 112 6 82
26 17 713 33 313 56 508 26 258 76 750 2 74 2 81 70 698 71 716 97 964 66 685 25 191 27 284 10 140 100 991 37 377 100 991 94 941
27 17 550 1 12 10 172 29 322 46 503 8 97 49 530 29 314 87 875 49 516 3 6 73 727 30 287 58 610 77 751 53 513 72 741 14 179
28 17 626 63 639 39 402 94 933 75 722 47 508 91 908 13 121 33 362 13 185 98 976 50 457 41 417 4 84 32 352 12 182 24 220 54 514
29 17 685 83 837 69 685 43 475 30 250 97 965 37 331 100 996 39 423 45 431 48 486 55 585 54 545 29 237 2 28 87 875 25 316 14 100
30 17 592 87 879 12 175 9 75 65 630 9 143 52 552 39 442 16 239 83 838 79 806 98 978 37 348 9 155 77 744 45 435 2 74 22 146
31 17 678 77 784 17 125 16 231 46 405 54 534 68 690 2 44 39 414 46 443 40 364 86 843 77 788 42 406 90 910 58 578 18 226 72 740
32 17 571 91 903 66 680 7 128 34 389 68 656 42 396 16 156 20 198 79 800 33 297 66 667 9 163 9 56 35 328 44 431 9 119 86 840
33 17 821 96 946 6 131 47 492 20 264 49 444 95 946 88 860 93 930 31 359 90 887 84 836 41 443 85 855 46 415 51 540 92 927 13 99
34 17 632 52 472 68 678 11 51 74 726 87 852 96 957 14 209 71 701 35 300 23 219 43 377 15 137 46 499 13 128 34 371 55 535 53 532
35 17 744 30 304 70 684 71 713 95 954 39 442 11 171 46 483 28 272 49 485 51 495 79 769 98 974 68 687 19 220 81 803 56 564 39 364
36 17 668 64 637 97 967 43 433 76 735 3 60 34 393 62 585 100 992 84 829 28 325 23 165 12 155 11 165 65 669 38 433 44 459 52 522
37 17 675 61 569 1 19 4 47 79 804 66 671 35 322 58 588 100 1000 1 89 76 756 78 768 6 33 2 38 16 189 92 915 79 788 90 896
38 17 719 25 264 92 921 49 441 65 655 19 254 13 67 76 751 5 8 55 591 67 643 52 474 98 978 17 100 84 831 79 773 27 218 76 770
39 17 775 81 817 63 599 18 139 38 369 97 967 100 994 47 445 88 881 56 533 11 48 19 113 69 706 52 473 36 381 91 904 55 560 48 495
40 17 768 48 477 52 474 20 238 61 639 73 719 6 104 88 876 40 344 51 514 80 774 46 445 60 588 67 656 84 831 13 83 99 989 73 722
41 17 536 80 804 9 31 25 318 68 646 19 192 25 265 13 106 52 548 37 373 4 49 1 32 26 272 31 270 80 783 76 767 56 539 68 696
42 17 680 97 967 92 925 15 122 47 436 21 172 74 762 3 55 58 616 38 362 46 421 45 400 20 191 64 668 83 813 71 692 14 137 63 639
43 17 673 37 336 11 63 55 569 2 37 66 623 49 464 39 351 88 878 71 702 17 211 19 253 47 516 94 936 57 570 88 882 2 97 100 996
44 17 607 42 370 1 103 18 253 96 959 16 234 71 702 82 807 7 151 2 41 75 751 24 238 82 810 6 119 65 669 42 446 33 343 97 960
45 17 607 15 109 96 962 64 614 65 672 43 432 96 951 4 20 78 781 40 376 30 257 12 154 18 158 87 856 5 39 21 150 60 623 25 299
46 17 622 47 486 37 332 94 938 42 468 52 515 50 529 84 825 19 209 40 396 74 715 20 182 34 387 35 319 94 939 1 11 49 466 6 77
47 17 690 3 31 81 796 41 413 46 422 14 79 5 4 33 346 18 191 52 529 92 925 89 883 16 174 69 671 81 798 99 982 80 795 44 450
48 17 744 50 519 34 350 64 648 14 90 72 733 99 982 81 789 81 812 67 645 65 631 26 238 1 20 40 375 2 38 88 891 82 802 64 650
49 17 705 11 170 98 978 39 393 69 665 21 158 57 578 93 927 29 273 16 229 75 771 47 512 78 754 37 415 41 353 50 517 38 389 83 807
50 17 728 73 701 48 423 12 99 50 508 92 918 48 472 75 727 35 351 94 932 63 596 45 433 82 828 57 601 32 361 22 248 78 780 4 109
51 17 844 76 765 86 842 54 536 60 609 14 78 40 362 84 837 39 381 98 977 77 749 7 109 54 515 93 923 78 763 93 928 22 139 80 790
52 17 621 100 998 77 786 83 816 37 329 5 113 17 151 34 327 61 610 1 75 81 820 60 612 5 35 89 890 19 247 43 414 37 346 28 200
53 17 590 5 14 7 85 83 827 66 638 52 500 29 265 64 656 1 4 80 799 25 258 61 593 29 246 28 265 90 890 3 79 51 517 64 636
54 17 865 91 900 37 319 79 798 27 303 83 809 33 318 62 606 33 271 98 971 83 830 37 315 56 564 71 714 91 897 75 764 39 358 87 863
55 17 756 97 966 1 19 91 904 52 472 93 931 32 258 10 183 44 403 64 609 90 897 27 204 62 589 58 595 98 970 84 842 22 270 20 228
56 17 772 35 367 63 603 15 233 66 670 38 326 97 960 71 682 11 57 85 849 77 747 96 957 55 495 48 512 51 545 60 599 19 164 78 761
57 17 598 46 436 63 598 45 413 1 10 18 209 92 917 31 310 92 912 43 392 48 497 8 112 47 433 54 528 6 86 45 480 54 548 55 506
58 17 594 17 163 41 427 41 432 6 14 87 861 75 766 25 181 13 186 8 47 17 200 80 794 89 897 99 984 8 159 65 659 68 655 4 103
59 17 720 30 253 100 992 65 653 36 393 82 803 10 51 40 425 94 939 97 964 94 932 26 274 4 102 10 130 11 137 71 713 63 594 68 666
60 17 678 35 333 70 727 57 560 84 843 49 462 34 381 25 229 49 518 65 628 8 134 80 787 93 926 11 52 64 629 56 577 40 377 28 232
61 17 690 67 674 83 836 28 271 67 680 43 440 58 556 1 90 99 983 33 375 82 818 77 747 57 596 37 312 55 579 1 1 36 367 39 390
62 17 725 59 552 55 575 88 881 94 937 84 850 1 19 32 356 59 577 32 305 39 425 2 115 68 689 15 91 57 540 71 698 78 788 73 711
63 17 687 68 683 47 428 51 490 82 809 21 248 40 418 80 779 1 72 55 546 76 756 95 944 29 238 14 148 72 730 35 293 89 882 4 71
64 17 672 9 130 55 586 53 494 18 187 52 527 40 396 96 953 87 858 57 527 37 343 38 364 34 348 86 861 70 705 13 47 80 788 15 187
65 17 448 34 387 7 152 26 309 10 31 62 591 11 69 25 249 99 986 39 350 1 100 10 22 7 30 18 203 41 447 33 302 63 614 75 728
66 17 583 45 484 16 157 29 262 1 34 67 668 51 500 96 949 34 341 28 274 39 386 36 315 37 365 86 853 22 297 39 429 53 551 50 479
67 17 728 2 9 82 793 85 852 65 640 71 721 59 604 58 547 30 281 1 60 37 373 86 860 86 851 19 251 37 336 55 586 72 695 65 643
68 17 675 94 941 50 462 9 33 46 448 35 293 13 92 100 996 72 710 62 595 63 640 50 536 26 288 58 609 17 134 48 490 90 896 11 33
69 17 783 91 911 100 996 30 301 3 16 24 241 78 789 31 323 48 464 91 910 61 582 77 778 44 382 83 814 90 888 16 155 15 130 97 963
70 17 660 75 751 82 817 47 442 19 152 59 617 8 91 1 34 31 325 55 579 41 384 72 703 91 907 24 209 93 931 43 401 54 492 31 324
71 17 706 28 205 9 44 83 843 74 752 16 148 6 145 76 764 77 763 72 710 43 463 86 851 40 425 65 654 38 345 58 602 17 138 95 945
72 17 535 9 134 4 114 36 404 3 3 35 404 29 358 81 797 45 500 91 903 54 557 71 717 2 50 11 27 96 955 19 185 24 290 59 601
73 17 714 29 354 98 979 87 868 65 633 82 815 18 131 37 331 38 329 45 390 57 574 48 451 42 418 65 655 12 127 52 556 28 207 90 893
74 17 775 78 750 27 266 75 736 43 444 33 384 66 678 65 642 56 524 62 635 19 126 45 464 51 549 91 898 69 673 47 451 96 952 46 468
75 17 492 55 530 88 885 23 220 45 488 54 574 60 607 2 22 22 166 48 483 55 530 19 149 13 47 16 169 34 284 36 393 13 181 32 275
76 17 669 10 70 44 402 16 122 46 487 85 853 84 829 85 850 83 811 10 82 44 382 79 790 63 612 43 437 4 68 14 206 91 895 36 389
77 17 742 82 833 80 797 82 831 7 57 15 108 89 871 38 327 13 139 24 261 19 256 81 798 98 975 74 719 37 386 80 802 46 504 63 592
78 17 674 78 781 7 158 65 667 45 485 68 681 18 137 86 847 14 182 50 536 99 989 15 125 50 483 10 158 62 583 47 521 81 820 48 464
79 17 712 40 418 73 702 71 683 95 948 84 841 51 476 11 155 8 5 98 971 30 284 60 582 87 858 21 277 49 451 28 268 36 406 49 438
80 17 761 41 464 17 134 10 155 82 802 62 590 80 790 80 778 76 759 100 995 87 856 30 347 10 80 27 222 64 672 91 917 7 127 88 866
81 17 617 51 554 93 928 9 4 90 895 77 755 75 728 5 76 56 598 82 803 27 197 26 313 63 637 20 205 29 292 53 534 1 48 15 145
82 17 628 89 880 77 756 33 316 40 432 24 266 14 159 5 26 94 932 11 58 26 280 67 692 34 349 38 420 35 358 43 477 81 783 75 743
83 17 757 97 963 71 698 54 509 52 494 14 59 28 241 29 315 1 101 61 625 96 956 43 401 28 309 67 693 84 839 89 878 38 386 95 951
84 17 700 15 110 17 163 91 902 64 606 14 128 4 91 95 947 65 667 97 967 51 496 49 490 60 585 2 25 78 793 11 190 95 942 68 643
85 17 678 40 363 77 750 82 831 47 437 25 225 4 40 72 691 60 634 87 867 51 477 1 4 14 214 76 763 86 849 24 279 81 821 21 163
86 17 877 82 795 54 513 30 289 88 876 94 927 89 887 62 653 42 377 95 943 91 894 60 571 71 716 92 907 39 370 15 192 79 774 14 190
87 17 683 62 639 54 542 49 448 4 52 49 530 33 356 40 355 7 39 57 599 62 591 70 679 62 601 16 231 65 662 100 996 63 651 61 612
88 17 907 48 521 10 72 70 706 93 929 81 812 60 620 42 369 63 625 36 368 89 887 78 775 79 790 81 812 70 668 91 900 52 542 91 907
89 17 537 14 201 55 563 25 250 57 559 2 16 35 375 96 954 3 12 90 898 12 159 34 375 97 969 28 286 36 387 53 505 30 251 5 124
90 17 764 94 939 81 819 97 966 56 571 17 98 70 674 76 757 79 774 5 21 21 198 8 106 13 190 73 699 40 387 82 818 55 528 89 879
91 17 722 26 255 57 561 62 637 14 127 39 354 31 304 61 613 40 368 70 696 12 62 62 605 56 537 46 465 83 812 85 841 96 951 63 657
92 17 631 8 4 88 868 59 549 91 904 68 680 81 800 13 178 29 255 41 353 14 217 3 53 20 194 70 716 87 873 73 713 32 270 12 186
93 17 651 46 481 88 878 22 192 49 481 65 625 28 301 69 683 64 648 72 725 18 144 43 442 26 250 39 365 96 954 28 344 29 281 32 358
94 17 820 7 49 81 800 75 753 25 173 60 621 13 173 51 486 62 594 95 952 54 520 12 149 61 585 98 981 87 853 84 842 91 914 70 682
95 17 710 80 807 92 908 15 139 67 638 74 745 6 111 76 771 12 56 80 775 100 999 12 72 5 6 36 402 28 210 66 670 61 643 78 755
96 17 604 18 137 99 986 42 378 46 445 12 66 35 284 13 45 75 724 26 190 7 116 61 639 58 559 100 1000 40 441 31 317 44 452 49 478
97 17 668 24 279 97 965 31 246 13 85 80 809 93 931 61 622 83 831 16 208 78 771 22 176 52 522 17 112 51 458 65 663 26 258 27 233
98 17 698 58 545 17 210 32 350 40 455 100 996 98 976 9 164 77 757 39 428 92 922 73 712 5 81 96 952 32 365 20 118 77 758 8 25
99 17 780 73 746 45 455 31 309 36 385 76 745 63 612 62 601 18 222 41 454 91 906 98 972 82 829 73 723 72 741 10 171 24 240 81 806
100 17 772 84 846 33 385 79 787 92 905 15 177 11 104 81 800 97 968 6 97 88 874 82 818 88 891 70 724 64 606 46 474 22 271 8 12
