1 17 449 15 230 1 102 18 255 46 507 81 828 4 134 60 635 84 851 11 198 26 333 22 295 30 366 59 627 12 208 61 642 25 318 7 155
2 17 760 86 871 46 511 27 342 91 911 96 956 62 655 98 980 57 609 3 127 9 180 3 126 78 799 55 592 52 563 66 694 47 523 74 758
3 17 630 49 537 61 649 9 181 41 461 55 589 9 180 80 820 71 732 51 556 30 367 69 721 4 129 66 691 94 942 52 568 34 400 13 217
4 17 744 86 867 68 704 17 253 58 614 55 593 35 415 19 270 61 641 98 980 64 676 79 811 17 250 94 943 6 153 84 849 83 846 7 163
5 17 797 30 364 66 689 75 767 17 246 88 890 53 577 24 311 20 277 68 707 35 408 30 368 86 869 55 594 95 949 63 666 96 959 96 960
6 17 698 59 629 87 876 54 582 84 849 20 279 22 294 96 956 43 485 60 633 7 161 35 411 8 165 27 343 65 685 64 671 71 737 71 731
7 17 720 9 178 97 966 48 530 61 646 75 769 46 509 79 804 76 776 70 722 31 376 71 737 82 831 5 142 45 503 75 769 16 237 14 224
8 17 668 70 723 78 802 47 519 87 881 73 750 54 585 34 399 20 278 62 658 35 415 91 914 32 384 18 258 77 792 11 197 33 397 14 224
9 17 703 58 614 31 374 69 714 82 837 74 766 11 192 95 955 67 700 5 143 33 390 99 984 38 442 80 816 22 297 10 190 65 678 40 453
10 17 895 94 940 51 553 32 382 93 935 93 934 52 565 44 494 68 705 64 674 95 949 97 969 21 287 21 282 58 618 81 821 77 793 78 797
11 17 737 7 162 84 855 23 305 62 656 49 536 11 192 78 799 78 795 14 224 89 898 78 796 91 915 10 187 87 880 64 675 41 468 56 598
12 17 633 26 334 42 471 17 245 63 665 17 246 76 779 27 341 39 444 89 898 80 812 80 817 61 645 7 158 10 189 48 529 19 269 91 914
13 17 748 79 805 64 671 70 723 48 528 88 884 40 459 77 792 14 219 74 760 77 793 59 628 7 157 39 445 95 954 27 339 13 212 64 674
14 17 718 27 338 80 817 29 355 44 491 68 708 5 139 89 901 65 681 53 575 92 927 24 309 64 671 65 682 88 890 33 392 6 151 66 694
15 17 814 58 618 58 619 81 828 66 692 25 318 35 409 12 203 60 639 51 552 87 877 98 982 76 776 65 678 86 868 59 628 31 378 70 728
16 17 723 48 524 38 438 43 487 35 407 29 353 85 865 17 251 58 621 94 940 20 275 99 991 71 734 27 339 52 566 40 458 51 553 97 973
17 17 679 46 512 100 993 19 267 92 920 88 888 56 598 43 481 19 266 24 309 23 304 30 370 47 517 23 301 44 491 95 950 22 296 78 799
18 17 651 25 320 95 948 8 167 91 918 32 387 67 697 92 925 86 873 17 249 8 172 31 371 39 448 71 731 10 188 19 265 71 739 52 560
19 17 642 83 843 38 441 64 668 54 585 85 857 46 514 93 933 36 419 1 109 7 161 81 826 11 193 56 603 34 399 37 425 54 580 23 301
20 17 620 64 668 16 242 30 365 53 576 21 283 99 983 29 359 45 505 79 810 9 176 13 211 79 806 17 250 49 541 81 821 83 841 8 164
21 17 750 6 147 81 829 83 839 41 462 47 521 46 508 86 872 85 860 12 207 99 991 72 740 41 462 82 832 62 653 45 500 26 331 24 313
22 17 614 30 367 41 465 25 319 93 935 89 901 95 952 67 703 50 548 32 381 18 256 7 156 23 303 39 446 15 235 12 207 51 558 81 826
23 17 643 33 393 50 548 43 481 79 810 44 496 71 731 81 821 39 446 72 747 9 179 28 347 12 207 45 499 99 991 30 370 58 615 11 199
24 17 687 61 644 41 461 24 311 88 891 38 440 94 946 39 448 97 966 63 660 47 516 50 550 5 138 66 693 1 107 93 936 25 318 27 342
25 17 641 35 413 68 709 91 919 30 366 26 332 100 994 34 406 32 385 10 188 1 104 95 951 57 611 65 678 32 388 94 939 17 253 15 228
26 17 543 58 622 92 927 86 867 6 149 29 360 82 835 10 183 6 153 4 131 26 328 98 978 32 382 40 453 60 639 2 114 28 349 20 272
27 17 700 81 821 90 906 100 1000 33 392 1 105 79 809 43 487 90 908 38 441 26 334 21 288 64 669 10 188 97 967 36 421 66 694 1 106
28 17 720 43 486 78 797 32 384 33 391 99 983 86 870 1 101 21 286 93 935 54 583 49 540 8 164 15 235 54 580 71 735 79 803 84 855
29 17 721 35 413 7 160 97 967 61 642 12 208 78 796 56 602 16 236 64 669 90 906 88 888 48 525 39 447 28 350 84 853 48 525 51 551
30 17 801 33 389 77 789 73 757 20 274 15 227 65 681 87 880 98 975 60 633 89 894 18 257 60 632 45 503 16 236 89 896 66 688 91 914
31 17 717 31 372 96 960 38 439 100 999 60 636 64 671 49 533 66 693 9 174 68 706 77 790 59 631 17 248 96 961 19 269 23 305 25 324
32 17 578 18 255 50 545 97 965 48 526 16 238 42 478 17 249 44 496 12 207 51 555 60 635 30 362 21 289 39 447 92 921 43 486 43 479
33 17 781 12 208 82 834 37 426 78 802 93 929 70 728 64 670 90 907 80 820 17 252 90 908 6 146 86 866 79 810 42 474 41 467 10 190
34 17 803 70 725 44 495 90 908 73 751 40 454 15 235 74 763 83 844 54 583 88 890 17 247 96 963 12 204 91 914 80 818 1 103 76 776
35 17 711 42 475 87 879 94 939 8 168 92 924 32 386 24 314 72 740 6 150 42 472 94 946 94 941 84 856 60 636 4 135 20 280 34 401
36 17 576 32 385 69 719 87 880 2 110 86 874 1 103 38 439 24 310 30 368 30 367 17 245 78 801 20 280 91 913 79 809 17 252 20 278
37 17 610 45 505 79 804 93 933 17 249 40 455 24 312 42 470 10 183 42 471 30 368 6 153 79 811 41 468 42 474 96 960 20 273 57 608
38 17 785 80 818 98 981 28 352 76 779 15 227 14 222 43 487 28 346 63 664 87 882 80 814 91 919 52 562 47 519 76 776 30 369 74 764
39 17 757 55 589 97 971 35 414 62 652 4 129 46 514 87 877 32 384 87 875 58 619 4 133 14 220 57 609 94 940 41 461 86 871 88 884
40 17 644 47 516 90 904 62 655 21 282 19 264 46 506 2 118 72 744 53 574 63 667 50 545 68 708 46 506 10 182 62 658 53 570 42 470
41 17 686 93 932 53 577 12 206 77 792 25 317 4 130 73 752 11 194 53 572 19 269 78 801 57 611 5 138 98 979 57 610 52 560 91 917
42 17 538 15 227 63 659 15 230 51 554 37 428 52 561 94 938 32 385 8 167 60 633 18 258 13 216 75 774 36 420 29 356 22 294 53 573
43 17 820 4 135 87 882 47 523 85 864 67 695 93 933 82 838 46 511 74 763 84 850 92 922 15 228 79 805 70 725 51 555 27 335 23 307
44 17 744 46 512 31 376 52 564 89 895 91 914 4 133 53 575 92 922 37 427 23 307 7 158 76 781 57 613 95 952 82 831 72 748 24 312
45 17 553 44 493 13 217 67 699 38 434 91 915 23 306 56 602 6 151 39 443 1 104 48 524 5 139 88 888 38 438 37 428 51 556 47 518
46 17 616 43 486 19 267 78 794 51 552 27 341 2 118 16 244 66 693 88 891 85 864 7 160 25 323 12 205 84 854 98 976 27 335 42 477
47 17 617 82 834 95 953 58 615 90 908 62 651 13 210 13 211 47 518 25 321 54 586 49 536 34 398 6 152 68 706 31 378 17 249 28 352
48 17 798 100 996 69 719 24 313 16 242 88 886 75 768 99 991 66 690 95 955 60 640 8 170 66 687 53 577 70 724 16 241 43 485 50 545
49 17 798 8 165 85 862 26 333 72 743 92 924 82 831 89 894 38 435 30 364 97 971 23 306 97 969 53 577 90 910 60 636 47 515 9 173
50 17 550 66 687 69 719 8 172 68 708 6 151 64 674 1 103 33 390 44 488 56 596 3 122 26 330 52 567 76 781 36 422 2 118 78 797
51 17 740 82 837 70 724 57 611 71 737 64 676 97 971 1 106 66 687 97 973 25 324 12 207 27 342 61 647 10 184 76 778 100 992 9 174
52 17 699 58 616 100 992 38 438 94 945 65 683 50 547 1 108 52 564 10 190 90 909 29 359 74 762 46 511 93 933 8 167 4 129 62 658
53 17 775 95 949 29 353 74 762 87 883 72 743 49 540 77 788 3 122 41 468 73 750 59 629 30 370 41 467 58 619 90 903 77 791 14 221
54 17 809 32 383 72 742 98 981 14 218 78 799 12 201 63 667 63 661 39 448 64 669 94 938 68 708 75 767 14 221 47 522 88 887 91 917
55 17 629 13 210 50 546 33 393 78 794 13 217 82 833 98 979 54 583 50 544 14 222 41 465 60 635 4 133 10 189 75 773 32 380 80 813
56 17 776 86 873 24 313 40 452 54 578 32 388 93 932 83 845 76 778 69 714 56 597 43 483 94 940 30 367 17 251 97 969 40 458 37 432
57 17 684 100 997 2 113 39 443 84 855 45 505 33 396 48 532 57 605 55 588 97 972 54 586 56 596 29 359 14 226 2 118 54 586 87 881
58 17 708 25 317 100 993 14 221 31 374 45 503 87 879 98 975 12 204 84 853 9 173 47 519 65 677 34 403 9 176 82 838 52 561 91 918
59 17 822 94 940 16 239 100 999 83 845 79 805 79 811 89 895 98 980 46 506 37 428 37 433 9 180 87 878 77 786 13 211 45 502 39 451
60 17 654 80 818 22 296 4 133 95 948 77 790 88 884 17 249 26 330 16 243 94 939 46 511 3 121 54 581 50 550 68 706 76 780 2 116
61 17 757 29 360 64 672 39 448 72 748 46 514 35 413 40 458 22 292 86 871 2 112 77 789 99 985 42 470 46 511 90 910 100 992 58 622
62 17 729 18 261 79 806 72 745 93 932 15 227 91 919 17 248 66 691 84 851 7 157 85 863 34 404 89 900 68 707 22 296 42 478 30 363
63 17 616 50 546 20 278 51 554 79 811 72 748 33 392 30 369 66 692 64 674 9 181 90 910 9 176 35 414 35 407 41 466 44 495 43 487
64 17 773 71 735 86 866 13 217 68 711 96 956 6 151 6 147 92 923 47 520 74 764 20 279 91 918 49 535 12 206 95 951 53 577 88 884
65 17 856 93 935 66 689 31 371 92 925 90 905 12 200 84 856 39 445 41 462 84 855 85 865 67 699 46 509 14 226 51 557 84 852 92 928
66 17 589 13 212 36 419 18 256 52 568 1 106 68 706 58 620 11 191 23 299 74 763 31 372 87 877 9 175 96 961 54 580 14 225 92 922
67 17 547 46 507 35 410 16 241 23 300 49 533 43 483 8 168 15 234 43 485 46 507 93 929 13 215 51 552 34 401 78 794 55 593 36 422
68 17 808 61 644 58 617 30 369 54 586 70 726 32 384 71 735 63 663 95 954 99 990 39 451 94 938 11 197 86 870 46 512 73 755 28 344
69 17 715 49 538 49 534 51 558 37 429 79 809 8 167 98 979 12 205 68 710 65 679 19 263 74 762 81 822 50 550 56 601 59 626 39 443
70 17 719 47 522 64 675 48 529 97 971 30 370 43 480 60 637 76 776 19 269 3 119 70 730 34 401 95 952 62 653 12 203 100 993 39 450
71 17 678 15 228 28 346 86 870 23 303 12 201 12 204 73 752 11 199 81 825 65 681 83 842 38 434 100 994 44 495 68 708 52 564 57 605
72 17 690 61 645 4 128 1 101 16 241 60 633 4 133 56 599 79 811 83 844 66 692 70 725 35 411 33 390 58 622 60 637 100 1000 77 790
73 17 734 39 444 93 934 76 776 59 625 78 802 23 302 6 147 41 461 2 110 64 672 16 239 71 735 92 928 26 327 79 805 63 660 90 906
74 17 593 22 295 25 320 64 670 92 928 59 627 49 541 3 122 65 680 65 683 19 268 92 921 13 211 18 262 76 779 44 489 5 142 31 372
75 17 650 98 979 67 703 10 186 52 561 10 190 98 981 40 457 17 251 9 181 84 854 28 345 79 806 25 323 27 336 20 279 76 784 73 757
76 17 791 81 827 75 774 63 661 19 263 18 261 26 329 38 434 49 535 97 971 40 453 100 994 100 998 47 518 32 383 88 891 60 632 56 602
77 17 664 11 199 16 237 19 269 4 134 69 713 90 905 52 565 6 146 36 417 73 754 91 916 35 411 55 588 69 717 48 525 72 748 85 865
78 17 658 48 527 52 564 9 174 20 277 76 782 61 643 95 954 73 757 32 384 6 148 78 794 88 892 32 384 40 455 8 172 51 559 54 584
79 17 658 1 108 46 513 37 432 60 639 37 430 67 700 35 411 84 850 43 484 13 213 26 331 99 990 57 610 73 752 47 516 18 262 80 816
80 17 540 9 176 21 288 25 321 98 980 68 708 6 148 19 268 54 579 25 320 64 674 13 213 40 454 52 565 83 841 37 428 58 616 4 136
81 17 735 1 103 45 503 65 679 26 334 59 626 31 375 25 322 80 820 7 159 76 781 72 742 56 600 33 393 68 709 80 813 98 981 97 972
82 17 688 92 926 92 924 15 231 36 424 47 520 21 288 21 287 28 351 74 763 98 977 3 119 38 438 67 703 58 621 95 953 38 440 37 432
83 17 648 19 268 45 502 8 171 20 278 47 515 64 672 95 949 83 841 22 297 71 734 30 369 14 220 53 573 63 665 65 680 75 767 37 432
84 17 583 11 196 26 330 55 593 74 764 2 115 61 644 66 689 6 149 49 541 25 320 39 446 23 307 88 887 66 693 71 732 50 544 17 253
85 17 823 19 268 91 915 47 522 95 951 94 938 85 858 57 610 54 579 88 891 61 645 2 117 31 373 17 253 91 911 100 996 80 820 17 247
86 17 700 11 192 1 109 36 420 98 975 18 257 98 978 96 963 62 653 16 240 97 967 71 732 49 541 82 831 38 435 7 162 94 944 2 114
87 17 746 75 774 55 594 24 309 54 586 82 832 43 480 6 148 85 861 65 678 88 889 42 470 81 821 33 394 63 662 97 965 35 415 5 137
88 17 719 28 348 96 964 73 749 64 668 27 342 65 679 92 921 43 484 55 591 96 957 37 429 4 134 6 153 42 470 78 802 53 571 40 460
89 17 578 30 363 26 331 12 206 71 736 18 262 37 431 87 882 4 130 5 137 50 544 21 284 16 241 60 635 85 864 25 319 88 885 88 892
90 17 717 70 722 37 430 23 304 94 946 40 453 42 478 92 927 52 560 55 588 50 550 79 811 84 856 4 135 19 264 67 696 40 458 49 538
91 17 582 9 176 20 277 42 471 34 403 89 895 35 413 28 348 94 940 92 926 1 101 56 597 49 536 33 396 6 146 64 675 73 754 3 120
92 17 567 81 828 16 236 41 466 56 598 46 508 22 292 14 219 20 274 5 145 26 334 33 390 68 708 18 262 57 612 52 567 62 654 92 925
93 17 718 89 898 38 436 16 237 64 668 69 720 22 296 81 821 44 492 99 985 14 226 80 820 38 441 44 491 64 674 14 224 50 548 72 740
94 17 762 63 662 64 668 74 760 14 226 22 290 72 747 77 787 99 984 46 511 81 826 6 151 81 823 73 749 67 695 26 329 65 685 23 307
95 17 649 42 473 1 108 56 602 40 458 31 379 2 113 27 340 62 657 88 892 96 956 82 832 21 281 64 673 69 717 31 373 11 191 89 898
96 17 713 38 437 39 447 56 604 69 715 22 293 21 281 23 306 57 612 61 644 93 934 55 591 29 355 43 485 16 239 95 947 75 771 100 998
97 17 656 97 965 78 798 2 118 37 432 87 879 41 466 5 145 50 542 76 778 38 441 59 626 83 842 2 110 39 444 73 754 5 140 48 526
98 17 688 12 204 41 464 50 550 59 623 92 922 75 770 48 530 45 504 75 767 22 291 35 415 51 558 94 941 35 408 63 659 18 261 45 503
99 17 840 82 832 91 916 57 607 95 947 32 383 85 857 22 295 70 729 78 794 71 733 4 129 90 908 40 455 76 784 62 655 86 869 9 174
100 17 605 49 541 60 637 67 696 14 218 21 281 40 460 18 262 84 856 41 469 39 446 47 523 98 981 7 156 77 789 16 236 7 162 72 745
