1 12 1467 429 86 84 130 208 301 218 45 135 243 196 201 229 400 33 167 12 395 86 177 130 439 74 472
2 12 862 70 417 25 296 20 304 155 354 94 224 129 69 111 434 48 88 117 165 131 475 168 161 10 398
3 12 1000 34 157 135 420 259 388 114 443 49 392 27 63 163 445 41 318 171 288 172 172 11 321 74 155
4 12 997 88 188 34 495 148 259 63 212 29 455 150 92 324 34 97 280 10 225 106 62 108 245 90 234
5 12 810 100 360 6 287 251 330 4 159 28 321 92 29 13 196 201 138 1 3 107 449 10 1 200 387
6 12 606 14 441 59 452 23 500 20 77 117 408 40 317 106 204 52 197 88 439 102 376 102 433 35 458
7 12 1052 67 430 111 452 107 99 106 208 23 282 11 377 125 369 17 307 69 431 213 67 192 91 275 358
8 12 1036 236 384 139 263 217 489 35 38 204 65 126 142 66 425 91 369 44 115 48 279 76 124 14 210
9 12 913 195 62 157 79 6 475 201 326 60 147 17 483 322 388 17 327 16 59 5 184 29 368 117 265
10 12 1079 238 248 13 247 203 50 127 397 34 84 18 185 81 165 15 419 12 182 306 399 30 436 272 268
11 12 804 72 383 9 229 84 424 164 210 141 150 75 339 25 27 44 369 28 436 18 178 212 111 133 432
12 12 975 22 69 44 226 288 75 40 252 6 466 107 488 179 368 99 278 17 211 151 473 193 496 73 57
13 12 1024 139 403 1 3 111 26 300 318 41 392 41 245 177 456 166 257 189 90 2 158 61 279 53 26
14 12 1077 243 98 26 158 61 198 163 94 182 197 179 293 101 378 16 459 43 180 27 185 277 99 29 110
15 12 661 174 245 126 453 61 9 101 208 22 78 19 245 95 35 32 315 94 27 62 401 20 21 21 316
16 12 717 25 19 67 21 76 436 61 346 31 210 42 271 81 92 59 138 138 274 96 204 163 285 58 76
17 12 1037 157 401 182 249 145 312 10 403 293 279 25 101 30 499 113 185 68 25 89 191 138 237 47 471
18 12 1041 80 350 170 101 81 193 31 12 101 71 2 385 69 215 119 425 365 327 52 11 144 389 88 163
19 12 666 15 412 88 134 68 31 19 3 49 256 130 23 182 448 79 364 6 380 20 351 66 447 111 41
20 12 1199 144 359 226 272 69 373 61 30 101 445 232 480 164 16 5 324 197 420 188 336 102 465 10 165
21 12 1134 117 282 70 62 93 101 216 355 94 105 128 353 103 1 72 259 29 144 237 89 156 25 103 75
22 12 920 59 487 192 53 77 101 129 87 24 170 3 414 42 224 95 422 312 78 104 285 73 91 41 140
23 12 669 14 88 32 69 3 358 57 376 53 51 79 328 199 382 104 35 90 447 92 235 57 300 57 168
24 12 1047 182 161 233 152 362 45 10 390 13 345 116 356 71 175 28 116 27 495 97 223 2 120 168 21
25 12 1091 61 333 75 497 11 431 198 281 55 290 115 134 154 453 50 341 202 272 111 236 250 167 82 425
26 12 896 89 49 192 338 50 180 136 409 29 321 59 189 162 467 100 487 42 82 186 374 72 69 4 450
27 12 763 140 355 100 66 15 148 21 90 259 312 93 310 64 221 63 425 51 381 23 94 91 345 34 53
28 12 895 100 372 20 352 130 486 24 212 48 319 274 385 18 251 318 268 30 336 119 407 20 93 18 321
29 12 848 380 203 12 347 72 118 106 105 33 67 30 452 89 308 191 349 27 350 3 314 36 405 82 40
30 12 940 24 12 108 368 16 140 35 470 169 51 153 380 138 200 89 423 21 40 106 151 177 260 139 159
31 12 972 136 171 179 139 127 164 23 139 22 236 181 198 100 372 154 2 193 475 14 21 81 453 5 143
32 12 766 45 72 183 71 136 89 105 500 86 30 112 247 8 206 31 142 1 199 68 289 146 24 37 304
33 12 1248 111 109 226 103 249 325 156 275 112 377 3 488 154 458 118 192 82 5 118 40 121 311 111 451
34 12 875 9 465 161 233 97 483 102 357 64 408 17 479 183 228 163 429 54 43 10 38 32 351 202 329
35 12 952 248 255 29 146 92 89 99 368 117 339 25 24 87 231 132 419 51 100 75 128 192 218 44 56
36 12 777 21 120 27 146 51 331 50 165 101 394 234 299 80 283 59 481 66 424 216 111 30 273 37 350
37 12 532 59 436 36 2 31 162 20 118 46 137 216 458 11 12 78 110 24 5 60 471 51 400 34 164
38 12 675 156 26 30 400 183 90 83 236 18 217 2 206 115 379 2 173 92 247 54 439 49 342 60 239
39 12 910 103 137 115 139 56 356 131 344 78 431 14 127 48 411 24 413 53 330 135 211 26 95 355 456
40 12 1108 27 134 154 500 273 462 83 469 258 278 236 437 121 413 18 153 59 366 21 38 94 41 42 307
41 12 870 107 343 79 222 117 452 66 226 81 246 115 65 49 33 73 279 190 283 57 489 25 26 129 55
42 12 832 31 127 90 38 18 183 216 133 57 56 34 43 233 45 3 262 156 422 76 262 41 149 85 341
43 12 984 3 230 221 212 50 302 190 217 183 439 28 5 87 35 92 298 50 429 82 19 210 105 35 232
44 12 1036 98 61 38 193 163 349 228 169 149 132 9 231 124 393 15 253 362 89 41 234 40 26 29 67
45 12 911 105 489 38 7 335 86 22 341 57 394 110 416 62 270 78 423 27 378 168 457 10 126 127 162
46 12 1009 16 164 6 209 12 73 14 266 58 266 209 458 179 141 26 73 185 399 176 253 301 396 80 401
47 12 1076 35 291 22 59 120 483 254 333 28 129 256 14 243 351 102 56 240 101 8 297 26 339 12 309
48 12 1272 13 342 74 101 135 34 191 276 168 162 177 97 256 356 72 417 147 204 291 445 45 301 22 460
49 12 907 85 67 4 162 21 408 68 421 121 378 260 307 50 298 44 219 155 327 299 201 3 334 24 24
50 12 892 192 372 39 28 55 210 55 231 19 405 33 383 41 483 78 391 55 133 122 430 257 9 170 494
51 12 728 30 306 22 60 149 152 12 265 26 453 4 29 153 5 46 80 17 182 75 161 147 469 230 37
52 12 732 28 101 16 315 83 488 91 15 142 137 119 196 5 266 139 451 33 255 35 234 171 283 54 266
53 12 1097 53 313 119 198 142 387 18 15 206 103 28 411 5 61 295 310 59 297 191 168 240 80 16 166
54 12 1011 136 72 42 246 238 462 90 418 3 264 72 294 187 18 266 57 1 497 126 267 67 72 36 460
55 12 759 162 496 16 406 101 69 100 246 135 392 11 111 21 208 60 228 158 225 55 382 113 218 17 22
56 12 1016 97 119 183 389 47 84 77 118 221 102 10 233 132 315 66 352 22 398 165 201 230 366 21 488
57 12 924 14 47 157 82 79 483 87 386 79 250 116 304 30 404 236 367 223 155 40 299 57 313 37 81
58 12 1065 28 487 83 230 222 15 204 296 8 250 53 190 231 409 178 392 158 87 38 96 37 307 92 25
59 12 779 131 434 108 228 105 71 74 24 65 310 166 47 81 367 26 193 55 102 54 19 64 267 45 112
60 12 1415 34 446 420 201 61 8 182 452 41 120 164 216 410 344 215 316 119 414 20 93 6 417 97 317
61 12 936 170 88 100 17 177 1 61 140 1 278 43 301 146 221 168 435 36 174 4 172 180 448 85 7
62 12 582 183 85 21 25 74 16 31 89 30 246 13 244 70 288 11 370 25 187 91 483 52 442 127 332
63 12 611 96 33 4 138 3 451 108 450 52 175 17 254 123 489 150 71 51 303 79 118 17 382 64 49
64 12 1134 110 126 20 294 111 466 79 70 59 261 214 215 3 356 117 326 141 289 101 233 100 96 363 39
65 12 1253 22 331 106 3 11 68 156 254 362 207 237 426 123 434 61 48 38 320 276 60 9 493 166 306
66 12 400 37 114 23 6 4 358 37 364 13 415 41 433 91 255 65 194 143 495 21 233 24 356 1 76
67 12 755 114 479 16 205 217 222 56 399 107 35 51 424 52 272 76 380 10 460 18 116 128 274 99 445
68 12 1274 96 82 34 395 186 112 106 109 44 57 48 285 197 489 73 280 164 349 296 318 221 93 128 54
69 12 782 79 419 48 165 114 391 39 321 76 354 9 115 190 9 55 6 22 56 2 178 201 258 143 176
70 12 705 18 124 118 431 31 489 6 399 75 3 227 469 58 416 28 264 6 420 205 242 51 342 59 123
71 12 1309 93 11 167 21 108 109 184 50 125 127 2 474 295 162 151 186 54 304 232 367 114 312 112 461
72 12 1150 94 177 70 231 121 368 175 117 13 106 13 305 169 289 126 129 98 493 252 37 37 223 270 58
73 12 965 169 345 200 50 50 78 114 246 49 411 49 132 91 378 72 139 34 415 112 427 150 187 117 297
74 12 913 94 263 100 428 47 357 41 412 42 38 164 247 267 409 34 291 177 72 39 38 35 105 102 335
75 12 1188 223 269 83 389 17 20 194 214 212 247 136 423 137 61 120 123 94 225 42 31 149 203 79 431
76 12 1180 125 99 312 363 35 314 21 139 154 449 41 186 200 54 10 217 7 229 231 451 49 362 290 309
77 12 964 179 234 103 213 157 499 72 321 7 468 59 412 97 306 97 292 188 155 111 279 35 444 100 192
78 12 1006 154 238 177 366 37 209 94 17 120 213 84 310 97 200 165 115 90 271 30 211 112 309 98 474
79 12 964 143 354 43 250 167 100 30 494 30 153 88 498 9 427 308 477 96 127 171 384 33 411 87 129
80 12 1380 224 131 132 363 59 460 72 118 22 475 451 419 279 485 100 200 103 254 248 484 17 414 18 92
81 12 676 32 23 56 346 49 58 35 340 196 498 69 427 92 458 136 374 101 138 34 25 29 341 16 220
82 12 1353 181 13 12 107 150 42 86 134 224 465 162 15 31 53 144 171 208 207 232 86 174 476 88 338
83 12 1220 125 295 353 359 34 11 157 281 272 461 8 497 52 32 9 33 159 122 269 209 72 166 15 155
84 12 669 34 356 11 122 10 332 6 464 99 168 13 194 111 239 132 314 22 372 3 94 51 420 345 425
85 12 992 127 416 64 392 47 103 73 126 193 206 43 238 184 394 155 406 86 132 127 230 96 337 46 140
86 12 959 92 261 67 259 9 182 159 339 242 330 10 28 42 226 6 211 178 396 212 500 45 387 137 312
87 12 765 43 161 8 353 49 26 164 144 285 383 23 187 180 199 35 386 3 251 18 357 85 341 64 147
88 12 851 123 196 9 14 14 397 72 455 76 96 255 75 111 14 3 108 124 76 19 262 66 69 192 402
89 12 1084 99 491 158 303 340 441 81 60 50 130 142 130 51 438 135 371 28 185 22 499 61 160 188 381
90 12 751 46 198 45 281 231 322 33 86 15 457 39 352 126 22 156 499 13 264 92 443 120 305 23 424
91 12 1267 118 369 127 99 248 5 18 66 71 217 180 441 238 361 22 284 110 256 119 458 140 465 193 495
92 12 925 64 490 226 412 32 257 100 22 115 338 4 96 124 153 84 234 207 151 88 408 81 470 32 246
93 12 944 79 170 54 32 247 402 81 393 8 213 55 314 180 374 37 85 141 48 3 188 177 438 119 431
94 12 1349 128 72 111 432 306 36 135 498 68 377 196 10 280 335 45 498 97 254 110 235 15 288 196 85
95 12 753 153 25 65 144 137 369 21 491 59 346 33 207 75 282 14 248 90 164 260 255 26 405 9 237
96 12 1016 89 354 403 218 93 386 24 424 231 197 182 251 4 14 38 223 34 475 13 311 130 215 30 291
97 12 510 87 400 12 167 27 91 30 22 25 289 63 173 10 121 99 295 12 121 67 41 61 79 145 488
98 12 1196 18 373 15 411 152 21 167 409 75 287 116 337 173 162 211 155 246 446 113 434 143 237 66 432
99 12 857 165 69 178 297 80 405 17 10 92 386 50 62 199 2 84 386 135 171 8 271 51 407 13 155
100 12 1104 113 407 140 492 62 183 38 189 16 52 95 284 395 302 41 204 68 227 102 49 258 477 53 14
