1 12 523 97 298 84 130 25 489 33 167 12 395 86 177 23 294 84 108 25 296 20 304 48 88 117 165
2 12 546 135 420 163 445 41 318 11 321 76 290 34 495 11 496 29 389 29 455 38 5 10 225 106 62
3 12 578 171 464 4 159 28 321 92 29 13 196 201 138 1 3 52 130 10 1 14 441 20 77 117 408
4 12 523 62 480 102 376 145 207 67 430 11 377 38 59 12 256 35 38 44 115 48 279 76 124 14 210
5 12 329 3 119 134 423 113 410 17 327 16 59 5 184 29 368 34 84 18 185 16 276 15 419 12 182
6 12 458 65 128 72 383 9 229 84 424 75 339 25 27 44 369 28 436 18 178 40 252 6 466 107 488
7 12 276 28 57 5 420 73 57 1 3 41 392 11 84 17 497 2 158 48 272 61 198 16 459 43 180
8 12 382 14 188 27 185 132 302 3 82 14 488 22 78 19 245 20 21 25 19 67 21 76 436 59 138
9 12 580 42 277 138 274 96 204 10 403 2 481 113 185 138 237 30 421 31 12 69 215 52 11 5 105
10 12 573 79 364 6 380 20 351 145 6 9 37 21 327 81 355 24 237 36 53 117 282 86 228 93 101
11 12 362 94 500 25 432 8 194 8 56 62 256 24 170 3 414 42 224 95 422 32 69 3 358 57 376
12 12 439 76 162 5 261 9 145 10 390 13 345 72 198 71 175 28 116 27 495 47 268 180 39 11 431
13 12 596 59 189 72 69 4 450 100 66 15 148 21 90 20 158 93 310 64 221 63 425 51 381 183 359
14 12 513 56 382 11 25 130 486 58 190 48 319 13 490 30 336 72 118 94 270 33 67 49 298 48 354
15 12 451 36 405 24 12 108 368 16 140 35 470 138 200 89 423 21 40 25 42 45 230 22 236 5 143
16 12 476 45 72 105 500 8 206 31 142 1 199 68 289 3 488 82 5 9 465 102 357 54 43 87 231
17 12 497 27 146 101 394 59 481 16 221 37 350 36 2 31 162 14 197 46 137 144 366 51 306 60 471
18 12 324 44 161 30 400 18 217 2 206 41 383 7 38 131 344 78 431 14 127 26 95 13 126 1 267
19 12 711 32 115 122 460 64 452 59 366 21 38 94 41 42 307 74 34 154 178 73 279 25 26 129 55
20 12 556 18 183 34 43 79 105 76 262 41 149 85 341 57 433 120 291 31 321 72 265 82 19 1 419
21 12 460 8 39 34 432 15 253 78 343 41 234 7 328 57 394 110 416 27 378 168 457 14 206 16 164
22 12 453 5 408 6 209 12 73 14 266 58 266 26 73 102 270 80 401 22 59 120 483 96 153 26 339
23 12 432 41 99 12 309 140 119 39 361 52 305 20 32 39 416 45 301 41 306 22 353 21 408 68 421
24 12 348 44 219 4 466 8 148 2 301 55 210 18 81 22 60 26 453 4 29 153 5 83 484 17 182
25 12 587 48 58 75 161 147 469 28 101 16 315 83 488 50 337 33 255 35 234 22 23 169 93 28 411
26 12 484 16 166 26 190 3 264 72 294 1 497 126 267 67 72 41 339 16 406 46 412 82 263 109 257
27 12 456 77 8 11 111 21 208 44 10 53 82 47 84 77 118 135 359 21 488 30 317 14 47 40 299
28 12 508 1 205 57 313 37 81 26 283 28 487 83 230 222 15 6 366 8 250 26 183 37 307 105 71
29 12 445 30 310 106 89 91 114 26 193 55 102 26 328 64 267 16 423 20 93 6 417 97 317 20 129
30 12 497 81 193 1 278 66 398 36 174 4 172 180 448 85 7 21 25 74 16 31 89 30 246 13 244
31 12 447 11 370 25 187 18 208 52 442 30 498 51 381 52 175 17 254 123 489 53 203 17 382 110 126
32 12 540 123 30 79 70 59 261 101 233 100 96 22 331 72 190 11 68 40 211 9 493 37 114 23 6
33 12 284 37 364 13 415 41 433 24 356 1 76 29 433 50 180 16 205 65 259 51 424 10 460 18 116
34 12 469 99 445 34 395 186 112 48 285 1 170 79 419 9 115 22 56 2 178 70 226 31 489 6 399
35 12 533 28 264 6 420 51 100 184 50 54 304 134 137 13 305 8 48 14 373 114 246 49 411 12 108
36 12 493 72 139 100 428 47 357 41 412 78 170 34 291 35 105 17 20 79 431 21 304 52 189 41 186
37 12 335 10 217 7 229 50 454 20 36 2 115 72 321 7 468 100 192 68 381 37 209 7 375 39 315
38 12 544 112 309 58 113 3 467 9 427 24 149 96 127 87 129 138 206 41 126 74 420 22 475 17 27
39 12 542 61 453 17 414 18 92 56 346 49 58 69 427 92 458 16 220 12 107 31 53 232 86 25 348
40 12 453 106 21 52 32 9 33 159 122 66 89 55 346 15 155 11 122 10 332 6 464 17 331 61 108
41 12 836 3 94 51 420 48 169 73 126 193 206 43 238 184 394 95 482 86 132 127 230 96 337 46 140
42 12 496 92 261 67 259 104 68 6 211 4 408 1 12 45 387 137 312 8 353 118 306 35 386 3 251
43 12 511 13 126 18 357 9 14 14 397 46 136 76 96 103 213 111 14 3 108 66 69 99 491 81 60
44 12 704 130 414 28 185 22 499 61 160 120 312 168 357 46 51 39 352 160 307 2 375 13 264 92 443
45 12 660 23 424 20 395 118 369 60 266 110 256 119 458 140 465 6 437 110 415 34 367 4 96 81 470
46 12 749 102 299 8 213 55 314 10 224 3 188 63 291 70 157 158 121 32 116 111 432 280 335 45 498
47 12 713 110 235 15 288 196 85 6 187 75 282 14 248 26 405 9 237 24 424 231 197 182 251 4 14
48 12 392 48 10 13 311 21 474 87 400 12 167 29 362 114 155 10 121 67 41 61 79 13 483 15 411
49 12 580 39 231 75 287 116 337 143 237 66 432 17 10 92 386 50 62 9 369 16 52 95 284 8 219
50 12 319 24 111 87 433 18 310 108 257 11 163 50 12 18 111 12 367 19 409 4 200 37 131 11 204
51 12 362 37 155 9 119 20 110 2 282 33 285 8 286 8 443 103 255 35 292 71 26 117 48 10 387
52 12 653 221 396 8 433 194 487 6 78 5 332 38 234 3 353 134 490 41 105 46 248 22 422 99 222
53 12 420 56 119 61 57 58 287 98 395 4 483 23 334 48 36 34 272 92 53 15 100 22 266 15 125
54 12 376 94 118 14 343 87 403 17 495 50 172 12 129 2 57 26 257 12 478 103 42 38 206 16 149
55 12 611 201 407 1 50 14 235 52 144 18 456 229 268 94 175 31 99 18 2 55 359 7 406 44 422
56 12 439 37 54 19 108 25 321 5 344 165 72 72 301 1 491 14 394 22 414 4 112 111 306 74 298
57 12 228 36 40 73 164 7 257 32 479 4 149 22 306 28 126 2 457 8 21 42 279 3 467 28 145
58 12 655 25 275 9 146 33 42 73 441 57 264 28 244 21 345 139 353 84 359 164 106 140 121 46 244
59 12 385 63 274 24 461 28 121 25 353 5 247 23 293 38 388 111 216 101 226 16 11 16 170 32 310
60 12 468 14 493 14 420 44 307 49 318 31 330 81 492 20 293 12 175 147 378 47 341 35 120 92 75
61 12 644 46 471 171 398 109 139 103 285 1 21 3 132 36 64 29 189 152 271 55 5 14 156 86 284
62 12 479 52 301 10 9 28 127 29 20 8 334 90 273 145 112 75 34 13 28 22 157 36 153 91 356
63 12 552 160 240 71 270 188 85 13 353 68 436 28 460 21 216 78 57 1 89 39 495 20 146 3 364
64 12 329 27 116 12 190 16 21 38 419 50 109 37 288 47 74 4 353 13 348 118 226 38 82 12 171
65 12 503 1 497 65 349 4 237 96 423 17 429 51 47 76 116 19 294 128 113 5 183 33 491 134 255
66 12 411 38 16 33 176 53 479 129 111 18 293 87 404 28 395 5 237 19 442 33 227 19 394 52 48
67 12 345 6 343 10 328 82 486 34 350 30 281 51 13 22 131 2 210 74 36 51 219 16 390 54 180
68 12 271 47 172 4 264 5 152 3 353 29 10 90 128 43 498 6 95 19 274 1 159 21 313 71 137
69 12 437 27 383 14 457 70 292 69 475 12 396 40 499 112 303 92 476 24 221 43 453 22 309 22 427
70 12 626 1 117 231 411 4 124 69 72 101 145 59 483 90 489 41 157 13 227 58 361 95 310 21 276
71 12 432 63 203 27 17 62 469 23 107 54 286 21 340 44 65 11 93 168 254 14 182 19 260 34 349
72 12 352 10 71 15 478 65 380 9 464 52 342 135 495 3 72 14 389 35 219 13 69 4 363 85 356
73 12 616 118 500 67 465 149 474 13 227 5 338 46 214 36 324 4 137 94 127 53 141 112 201 73 163
74 12 454 8 368 15 166 9 285 12 134 74 176 4 462 111 153 9 119 41 257 112 403 115 59 58 70
75 12 568 15 287 75 212 24 72 71 169 177 26 50 416 85 270 26 99 15 463 34 456 27 193 112 112
76 12 279 50 451 16 101 37 491 19 207 8 55 11 69 9 478 38 265 137 360 6 183 14 47 4 156
77 12 708 84 104 33 288 66 243 46 345 14 106 206 173 75 435 73 22 33 113 189 414 20 357 46 309
78 12 272 24 226 21 438 45 125 53 248 12 459 55 149 23 129 5 401 96 351 1 385 3 237 2 74
79 12 481 121 414 61 448 68 155 45 338 33 81 78 133 53 398 23 238 6 271 23 210 54 79 37 414
80 12 728 72 477 137 466 55 386 64 489 111 238 119 387 16 330 17 95 63 240 29 94 194 234 33 102
81 12 489 14 97 13 216 2 482 121 497 79 183 53 219 101 104 43 330 32 226 102 110 42 91 10 406
82 12 473 29 483 13 223 102 344 119 454 109 382 19 58 13 427 25 21 33 288 9 492 105 78 16 29
83 12 673 87 142 88 327 89 149 56 431 51 279 40 63 56 248 23 148 14 258 138 58 171 61 29 383
84 12 389 54 257 50 174 91 238 32 145 1 447 92 413 32 197 35 19 17 399 19 204 24 222 40 95
85 12 539 73 243 1 267 53 352 49 484 44 296 97 409 27 460 71 67 51 124 2 389 8 336 198 227
86 12 380 48 117 40 189 59 385 46 135 3 244 17 261 33 141 34 313 31 244 129 283 14 478 22 183
87 12 506 91 141 87 337 7 285 14 420 71 319 11 68 41 44 47 291 75 374 117 3 29 290 43 355
88 12 766 110 268 11 194 37 390 117 270 17 227 50 138 14 119 181 302 115 95 116 469 74 490 116 271
89 12 351 9 225 9 52 5 396 27 459 54 72 113 8 16 362 20 295 20 76 36 476 29 440 101 105
90 12 496 42 50 77 374 125 458 24 138 52 119 33 268 38 375 4 218 77 456 65 346 17 490 66 203
91 12 580 77 442 15 358 135 115 15 366 142 387 12 2 99 329 8 270 8 323 12 333 51 366 151 474
92 12 450 4 380 122 353 19 227 5 48 48 60 21 1 91 311 53 200 35 449 36 165 24 115 105 137
93 12 565 33 59 16 232 98 381 51 160 123 427 87 93 58 177 26 291 14 58 137 140 31 111 33 335
94 12 373 151 160 22 165 3 326 17 422 104 441 15 131 13 401 20 321 35 50 16 471 61 191 10 132
95 12 652 1 452 59 220 102 2 115 352 49 281 46 136 123 492 129 405 94 139 66 474 25 438 7 197
96 12 416 32 300 66 204 3 432 69 123 18 354 108 350 27 321 44 304 18 190 117 445 10 437 9 201
97 12 286 28 203 134 499 8 204 54 219 8 75 2 288 11 104 66 336 14 455 5 211 17 368 11 317
98 12 712 130 317 99 461 78 360 46 371 14 474 13 51 43 66 200 403 38 264 155 304 70 250 4 32
99 12 389 1 169 119 185 80 477 28 45 1 146 45 429 10 86 20 367 4 41 83 439 42 220 54 9
100 12 331 1 7 33 340 34 239 24 423 47 125 44 425 4 415 88 342 43 209 14 288 26 174 56 305
