1 12 450 97 298 84 130 25 489 33 167 12 395 86 177 23 294 20 304 48 88 48 433 11 321 76 290
2 12 496 11 496 29 389 29 455 38 5 10 225 106 62 89 240 171 464 4 159 28 321 92 29 13 196
3 12 360 1 3 19 330 19 60 14 441 20 77 62 480 102 376 11 377 35 38 44 115 48 279 76 124
4 12 248 27 449 3 119 17 483 113 410 17 327 16 59 5 184 29 368 34 84 18 185 16 276 15 419
5 12 408 46 467 12 182 72 383 9 229 84 424 75 339 25 27 18 178 40 252 6 466 107 488 17 211
6 12 276 5 420 73 57 1 3 41 392 11 84 17 497 2 158 48 272 61 198 16 459 43 180 27 185
7 12 320 3 82 14 488 22 78 19 245 20 21 25 19 67 21 31 210 42 277 138 274 9 400 10 403
8 12 440 11 193 2 481 113 185 138 237 30 421 31 12 69 215 52 11 5 105 15 420 79 364 6 380
9 12 490 61 30 9 37 21 327 81 355 24 237 36 53 117 282 86 228 93 101 69 285 8 194 8 56
10 12 256 24 170 3 414 42 224 95 422 32 69 3 358 57 376 5 261 9 145 10 390 13 345 28 116
11 12 544 111 466 27 495 47 268 180 39 11 431 33 14 59 189 72 69 4 450 100 66 15 148 21 90
12 12 644 93 310 64 221 63 425 51 381 183 359 11 25 130 486 58 190 48 319 13 490 20 93 72 118
13 12 436 33 67 49 298 48 354 3 314 36 405 24 12 35 470 138 200 89 423 21 40 25 42 45 230
14 12 415 23 139 22 236 5 143 105 500 8 206 19 154 3 488 82 5 9 465 102 357 54 43 87 231
15 12 480 27 146 80 283 59 481 16 221 37 350 36 2 31 162 14 197 46 137 144 366 51 306 60 471
16 12 324 44 161 30 400 18 217 2 206 41 383 7 38 131 344 78 431 14 127 26 95 13 126 1 267
17 12 525 32 115 122 460 64 452 45 183 42 307 74 34 49 33 73 279 25 26 18 183 34 43 79 105
18 12 540 72 425 76 262 41 149 85 341 57 433 156 35 31 321 72 265 35 232 1 419 34 432 15 253
19 12 305 17 315 7 328 57 394 110 416 27 378 44 283 14 206 16 164 6 209 12 73 14 266 58 266
20 12 644 91 23 26 73 102 270 80 401 22 59 120 483 96 153 26 339 12 309 140 119 39 361 52 305
21 12 365 15 145 20 32 39 416 45 301 41 306 22 353 21 408 68 421 121 378 8 148 2 301 55 210
22 12 392 19 405 18 81 22 60 26 453 4 29 17 182 75 161 147 469 28 101 16 315 83 488 35 234
23 12 409 54 266 22 23 5 61 16 166 26 190 3 264 72 294 1 497 126 267 67 72 109 257 11 111
24 12 411 19 124 21 208 44 10 53 82 47 84 66 352 110 500 13 363 30 317 14 47 40 299 57 313
25 12 567 26 283 28 487 28 159 222 15 6 366 8 250 26 183 37 307 105 71 106 89 91 114 26 193
26 12 428 26 328 64 267 16 423 20 93 6 417 97 317 20 129 1 278 66 398 36 174 4 172 180 448
27 12 358 18 396 85 7 21 25 74 16 31 89 30 246 13 244 25 187 18 208 52 442 30 498 51 381
28 12 600 77 78 123 489 53 203 17 382 110 126 79 70 59 261 101 233 72 190 11 68 40 211 9 493
29 12 265 23 6 4 358 41 433 24 356 1 76 29 433 50 180 16 205 65 259 51 424 10 460 18 116
30 12 384 56 85 76 223 1 170 79 419 9 115 31 206 18 124 70 226 31 489 6 399 75 3 28 264
31 12 672 51 100 184 50 54 304 134 137 13 305 8 48 14 373 114 246 49 411 72 139 100 428 47 357
32 12 348 78 170 34 291 35 105 17 20 79 431 21 304 52 189 41 186 7 229 50 454 20 36 2 115
33 12 426 7 468 100 192 68 381 37 209 7 375 39 315 52 246 7 457 9 427 24 149 96 127 87 129
34 12 397 41 126 74 420 22 475 17 27 17 414 32 23 56 346 49 58 69 427 92 458 16 220 12 107
35 12 685 19 202 31 53 232 86 25 348 88 338 106 21 52 32 9 33 159 122 66 89 55 346 15 155
36 12 508 34 356 11 122 10 332 6 464 17 331 61 108 22 372 3 94 51 420 193 206 43 238 184 394
37 12 533 96 337 46 140 67 259 104 68 6 211 4 408 1 12 45 387 137 312 8 353 118 306 35 386
38 12 472 43 479 3 251 18 357 9 14 14 397 46 136 76 96 103 213 111 14 3 108 66 69 99 491
39 12 571 60 438 130 414 28 185 22 499 61 160 120 312 33 86 46 51 39 352 160 307 2 375 13 264
40 12 627 5 49 58 368 20 395 118 369 60 266 110 256 119 458 140 465 6 437 110 415 34 367 4 96
41 12 561 88 408 81 470 32 246 102 299 8 213 55 314 10 224 3 188 63 291 70 157 158 121 32 116
42 12 460 15 288 196 85 6 187 75 282 14 248 26 405 9 237 24 424 12 143 182 251 4 14 13 311
43 12 539 87 400 12 167 29 362 114 155 10 121 67 41 61 79 13 483 15 411 152 21 39 231 75 287
44 12 459 143 237 66 432 17 10 9 369 16 52 95 284 8 219 41 204 24 111 87 433 18 310 50 12
45 12 222 12 367 19 409 4 200 37 131 11 204 86 30 37 155 9 119 20 110 2 282 33 285 8 286
46 12 300 15 122 8 443 103 255 35 292 10 387 60 307 73 13 8 433 14 267 6 78 5 332 38 234
47 12 500 134 490 41 105 46 248 22 422 56 119 61 57 58 287 98 395 4 483 23 334 48 36 34 272
48 12 350 15 100 22 266 15 125 20 83 94 118 14 343 87 403 17 495 50 172 12 129 2 57 90 414
49 12 646 5 365 12 478 103 42 38 206 16 149 119 241 201 407 1 50 14 235 52 144 18 456 229 268
50 12 188 5 250 18 451 31 99 18 2 55 359 7 406 37 54 19 108 25 321 5 344 1 491 14 394
51 12 388 46 151 22 414 4 112 111 306 74 298 55 278 36 40 73 164 7 257 32 479 4 149 22 306
52 12 245 2 457 8 21 42 279 3 467 28 145 17 482 25 275 9 146 33 42 73 441 57 264 10 305
53 12 675 139 353 84 359 164 106 140 121 63 274 24 461 28 121 25 353 5 247 23 293 38 388 111 216
54 12 407 16 11 16 170 32 310 14 420 44 307 49 318 31 330 81 492 20 293 12 175 147 378 47 341
55 12 468 41 341 35 120 92 75 4 92 30 28 103 266 109 139 103 285 1 21 3 132 36 64 29 189
56 12 533 9 395 152 271 86 284 10 9 28 127 29 20 8 334 90 273 145 112 75 34 13 28 22 157
57 12 340 3 108 36 153 91 356 71 270 68 436 28 460 21 216 78 57 1 89 6 195 20 146 3 364
58 12 329 27 116 12 190 16 21 38 419 50 109 37 288 47 74 4 353 13 348 118 226 38 82 12 171
59 12 407 1 497 65 349 4 237 96 423 17 429 51 47 23 400 5 183 33 491 134 255 42 370 38 16
60 12 307 31 187 33 176 53 479 87 404 28 395 5 237 19 442 33 227 19 394 52 48 18 435 6 343
61 12 278 82 486 34 350 30 281 51 13 22 131 2 210 16 390 54 180 1 371 47 172 4 264 5 152
62 12 374 84 473 3 353 29 10 90 128 43 498 6 95 21 313 27 383 14 457 70 292 69 475 12 396
63 12 403 7 426 2 392 112 303 25 451 24 221 43 453 22 309 22 427 11 459 1 117 231 411 4 124
64 12 416 101 145 18 357 12 164 33 81 13 227 58 361 95 310 21 276 18 114 63 203 27 17 62 469
65 12 505 54 286 161 448 44 65 11 93 168 254 14 182 19 260 34 349 37 116 10 71 15 478 65 380
66 12 361 8 403 9 464 52 342 135 495 3 72 14 389 35 219 13 69 4 363 85 356 67 465 27 328
67 12 359 50 161 13 227 5 338 46 214 36 324 4 137 112 201 73 163 15 166 9 285 12 134 74 176
68 12 441 3 351 4 462 111 153 9 119 41 257 112 403 48 432 15 287 75 212 24 72 71 169 39 114
69 12 376 85 270 26 99 15 463 34 456 27 193 112 112 41 18 50 451 16 101 37 491 19 207 8 55
70 12 452 87 189 11 69 9 478 38 265 137 360 6 183 23 247 4 156 68 117 84 104 33 288 66 243
71 12 816 231 175 46 345 14 106 206 173 75 435 73 22 33 113 14 394 216 134 46 309 21 438 45 125
72 12 337 12 459 55 149 23 129 5 401 96 351 1 385 3 237 2 74 61 448 33 81 78 133 53 398
73 12 520 44 226 23 238 6 271 23 210 54 79 37 414 137 466 111 238 119 387 16 330 17 95 63 240
74 12 323 15 315 29 94 19 395 14 97 13 216 2 482 4 240 79 183 53 219 101 104 43 330 32 226
75 12 457 13 442 102 110 42 91 10 406 12 471 18 331 13 223 102 344 119 454 109 382 19 58 13 427
76 12 648 33 288 9 492 105 78 16 29 88 327 89 149 56 431 51 279 40 63 14 258 138 58 171 61
77 12 415 13 450 29 383 50 174 91 238 92 413 32 197 35 19 17 399 19 204 24 222 40 95 77 316
78 12 310 16 476 73 243 1 267 44 296 7 45 27 460 71 67 51 124 2 389 8 336 48 117 40 189
79 12 312 46 135 3 244 17 261 33 141 34 313 31 244 129 283 14 478 22 183 40 492 7 285 14 420
80 12 482 11 68 41 44 117 3 29 290 43 355 11 194 37 390 117 270 17 227 50 138 14 119 116 469
81 12 380 116 271 9 52 5 396 27 459 16 362 20 295 20 76 36 476 29 440 101 105 54 42 42 50
82 12 481 24 391 77 374 125 458 24 138 52 119 33 268 38 375 4 218 77 456 65 346 17 490 66 203
83 12 462 77 442 15 358 135 115 15 366 142 387 12 2 99 329 8 270 8 323 12 333 51 366 4 380
84 12 452 7 316 122 353 19 227 5 48 48 60 21 1 91 311 53 200 35 449 36 165 24 115 105 137
85 12 380 33 59 16 232 98 381 51 160 58 177 26 291 14 58 33 335 22 165 3 326 17 422 104 441
86 12 423 13 401 20 321 35 50 16 471 61 191 10 132 53 48 102 2 115 352 49 281 46 136 9 326
87 12 405 68 410 66 474 25 438 7 197 112 268 32 300 66 204 3 432 44 304 18 190 56 330 10 437
88 12 258 18 356 9 201 134 499 8 204 31 116 8 75 2 288 11 104 66 336 14 455 5 211 17 368
89 12 729 1 25 130 317 40 500 78 360 130 108 14 474 13 51 43 66 200 403 38 264 155 304 70 250
90 12 350 5 417 1 169 119 185 80 477 28 45 1 146 45 429 10 86 20 367 4 41 83 439 42 220
91 12 357 33 340 34 239 24 423 47 125 44 425 4 415 88 342 43 209 14 288 26 174 56 305 34 367
92 12 380 125 473 3 299 20 117 150 206 11 93 10 284 17 148 38 389 32 418 30 301 24 17 15 419
93 12 339 45 180 11 103 8 198 74 276 19 312 26 51 21 268 42 83 42 439 98 126 34 399 4 215
94 12 420 7 496 64 29 13 52 36 335 157 372 14 366 44 144 7 258 35 137 30 312 114 81 4 28
95 12 502 44 463 11 216 12 371 84 312 67 488 122 491 25 254 34 324 18 208 101 121 86 122 24 407
96 12 457 10 404 124 376 75 455 14 365 4 202 30 146 117 196 80 353 21 48 7 186 8 109 82 280
97 12 261 11 484 69 428 37 299 23 219 26 27 14 6 38 276 69 462 10 166 5 277 4 257 21 175
98 12 489 47 191 82 464 55 6 31 16 8 278 22 47 123 334 31 312 39 177 8 487 124 15 42 153
99 12 493 73 120 42 399 3 451 185 381 12 136 94 347 40 356 32 97 65 147 37 200 21 109 13 482
100 12 828 86 177 28 484 246 335 61 296 38 116 50 210 14 93 119 328 57 336 126 466 130 262 80 85
