1 12 38619 1293 1 1543 226 7272 19 5350 417 978 130 1944 148 5266 60 5411 121 544 284 7701 229 2419 451 8553 309
2 12 34132 5086 15 795 14 6981 274 4622 330 4225 366 1799 243 5488 45 3608 272 794 400 6317 253 2666 345 285 329
3 12 45392 4674 167 1166 15 7667 336 1524 286 4929 175 1699 301 8796 320 7109 83 8425 30 7490 415 624 177 2638 327
4 12 47011 1458 439 4766 118 1770 338 3072 149 7686 275 8487 315 8582 478 1917 294 7758 268 7490 100 1937 476 3841 296
5 12 44805 3104 36 2427 325 5702 354 6304 124 774 481 4293 304 6683 227 7035 376 6217 154 6366 407 414 224 6688 76
6 12 45223 4880 347 7020 233 7801 361 4845 166 1780 310 3150 453 2839 88 6911 54 2964 69 4239 286 2738 341 7362 370
7 12 53819 8542 333 424 161 8831 190 7154 110 900 322 3523 131 8391 252 2813 464 8336 258 3931 336 5739 472 8690 104
8 12 55104 5173 401 6923 387 6571 34 7550 114 5553 242 914 388 6950 69 7972 387 8147 48 7793 320 3679 277 1655 130
9 12 49180 1441 314 1455 377 2410 191 7980 396 7162 303 579 50 4283 94 8134 279 7049 317 6225 238 7840 200 6917 66
10 12 48282 6928 293 563 192 8532 133 1120 319 4082 132 7163 142 3907 338 389 445 5802 264 8266 116 5709 323 7892 162
11 12 48274 5935 86 5174 289 7274 329 2177 172 1025 300 4512 432 8819 376 5771 427 5272 155 6279 413 4239 188 3866 171
12 12 51770 7641 84 5205 467 1745 495 6337 133 4654 199 4525 485 8816 229 8928 93 8197 438 4975 212 1659 116 2031 150
13 12 38556 2001 217 8492 109 6987 204 2199 472 668 455 2864 332 8250 430 1489 40 2701 194 6304 49 1646 355 4594 141
14 12 35124 3403 316 4849 421 4131 463 3181 5 603 404 930 280 2984 181 4799 112 4031 316 1413 148 4754 102 8828 144
15 12 41666 7100 42 1109 393 1500 245 7202 412 631 240 462 405 7390 201 4205 227 7713 423 1062 495 6393 202 7316 308
16 12 41901 2302 119 3288 149 3650 122 8342 445 8518 335 4479 156 1554 31 2022 192 1350 60 4574 403 7822 163 4476 212
17 12 38209 3959 351 7208 193 6463 44 2464 60 3984 495 2698 287 984 132 5433 201 2106 440 3394 470 3474 481 5595 231
18 12 28524 377 330 65 464 2180 135 2962 174 6089 455 2656 129 8938 170 2849 49 33 473 5104 321 2874 467 1528 71
19 12 37604 5217 459 7661 27 2595 409 829 29 302 127 8777 157 3523 300 132 138 1720 373 7203 448 8999 162 47 394
20 12 46860 8075 190 2340 105 5686 49 8666 178 5937 4 2988 215 6961 158 2910 491 7691 1 1860 464 4825 245 637 75
21 12 50971 6350 391 7547 279 3129 34 8666 301 1075 387 5011 76 5685 448 7871 236 3467 139 7524 236 4507 111 2882 383
22 12 56193 1739 71 5808 434 8749 296 7933 88 5319 224 1353 442 5874 452 4255 151 8594 188 8990 298 5707 241 5921 42
23 12 33474 6896 295 1475 479 1686 114 2233 262 1548 247 8644 237 1373 210 1482 220 1070 253 5345 146 1887 193 8204 215
24 12 49713 6905 60 7332 181 7014 461 6271 317 8063 400 1515 449 452 426 7095 208 3662 50 3378 348 3947 449 6508 197
25 12 47454 6623 413 4823 439 1461 480 1038 452 7175 2 6753 399 3744 433 8386 38 8232 159 2136 356 494 207 8453 468
26 12 38512 5351 20 1800 167 7372 158 6189 434 94 430 30 188 2094 149 2666 81 7003 100 8122 394 1511 99 5908 225
27 12 41580 8330 83 3545 118 3698 46 3702 149 528 395 3676 208 8595 96 5076 8 7177 490 2518 377 1261 68 3870 137
28 12 49635 7818 397 8181 257 4183 376 2686 369 3217 272 8701 175 5514 17 4135 432 2838 431 5181 19 1196 283 8394 201
29 12 40974 7831 344 4153 447 5547 101 1638 226 171 358 4736 315 4442 338 4055 46 5571 261 3697 137 8318 265 1059 384
30 12 42325 297 362 939 263 1682 390 5106 22 8789 284 4600 454 8587 71 5589 72 4537 183 4604 466 2847 38 5330 88
31 12 48324 6737 178 2553 108 4728 67 345 435 4229 425 5941 463 7372 229 6625 417 8213 71 7046 347 4547 131 2069 160
32 12 41618 2759 258 7945 452 324 264 8216 182 2068 33 6806 285 8514 406 6479 118 2357 218 1167 333 3336 453 2052 279
33 12 37726 3424 2 4240 22 7877 188 3273 253 4177 303 3853 93 6932 251 2401 10 1431 330 7907 425 598 124 1045 419
34 12 46976 2344 210 7812 408 8524 286 8079 306 1098 62 4173 123 4856 243 2980 29 6059 155 1488 140 5126 498 6182 119
35 12 46704 7855 372 8903 328 8545 300 694 326 4762 347 1401 214 4443 367 643 423 2327 358 8237 406 7932 186 2638 484
36 12 47316 8683 265 8091 298 4150 41 3093 326 6183 40 6078 28 5732 2 2899 216 4956 12 2296 260 6810 179 175 388
37 12 44329 7367 347 5109 354 5757 484 57 327 8723 125 1062 134 5462 47 6779 496 738 184 5157 496 3371 470 5830 248
38 12 45162 4640 50 8088 144 6612 229 8325 38 288 310 4356 472 2521 368 7821 357 4399 382 214 205 6492 294 2697 204
39 12 52392 8025 384 1201 265 2827 357 8808 66 6984 56 5669 312 3471 316 8371 338 6666 67 4213 438 8162 263 1094 248
40 12 41919 6939 65 7328 488 4830 247 1211 203 5349 19 890 374 2798 397 1065 429 2129 196 4772 160 8312 414 6776 341
41 12 41396 3827 467 2665 84 8687 199 3316 101 8965 7 3423 420 4044 165 4317 281 4877 485 4858 276 2587 70 180 270
42 12 41434 7123 121 8925 67 2731 224 7789 486 1032 419 728 233 5770 168 753 410 4607 455 3499 467 1387 500 7449 392
43 12 39303 7948 489 4051 182 3325 45 7776 381 1105 224 3506 8 7180 109 330 471 6893 436 1485 128 1422 466 4108 12
44 12 46644 4497 337 6800 9 3537 145 5711 194 6476 230 3128 199 1916 429 114 383 8845 206 4106 450 8916 290 4259 90
45 12 44034 6442 462 1264 455 1472 329 7502 32 7629 169 7995 337 1952 210 2629 78 4458 99 4533 395 6478 163 2689 329
46 12 38116 806 450 752 175 3064 203 3949 215 726 353 7659 65 6101 476 502 27 8223 234 6635 100 8176 242 1053 473
47 12 52276 7834 39 8348 327 2701 458 8050 56 7553 192 3616 420 7646 333 4083 70 4562 418 8275 483 1120 178 1558 260
48 12 41479 6051 289 909 111 6621 151 7768 42 8606 267 1241 457 6327 226 3099 79 1994 241 3825 38 1338 214 4070 461
49 12 43954 4520 167 6939 274 3213 261 5432 287 2681 270 6251 158 6349 313 8532 495 3504 466 964 428 4119 364 2439 251
50 12 42363 4334 254 3284 394 664 488 1048 339 5781 91 6617 402 4494 278 5251 191 3229 235 5747 238 8709 150 3796 299
