1 15 15357 431 1 515 46 2424 4 1784 84 326 26 648 30 1756 12 1804 25 182 57 2567 46 807 91 2851 62 2931 57 87 9 84 78
2 15 14888 1541 66 1409 74 600 49 1830 9 1203 55 265 80 2106 51 889 69 95 66 2806 52 1000 13 90 86 2012 17 1714 55 1050 19
3 15 22662 2932 64 2370 17 2809 6 2497 83 208 36 880 66 2222 17 2631 53 703 20 2023 35 893 86 1647 95 1885 96 2866 22 1762 87
4 15 18140 2497 20 646 96 1281 60 201 35 214 27 1948 64 2124 71 744 9 2886 48 1820 75 1362 79 2252 70 920 71 2437 5 1343 75
5 15 17479 414 55 2077 78 1397 87 2166 54 996 20 1860 35 2713 32 524 77 322 33 411 48 1713 31 2046 82 2220 11 2848 67 142 33
6 15 21120 1137 80 657 10 1927 40 782 94 1507 32 2783 93 1547 44 2016 64 2830 97 622 21 1725 81 2308 78 2191 7 2517 23 1851 49
7 15 16680 2328 78 412 89 2317 91 288 87 1916 41 1659 19 780 42 481 63 485 76 804 39 2660 80 2388 61 193 10 1428 19 2712 56
8 15 17927 1902 70 1425 88 1197 77 394 74 2310 59 188 39 2844 27 374 64 1361 27 2388 29 1303 68 130 89 1934 53 2756 24 1903 65
9 15 17944 971 6 1979 18 1725 58 2425 66 726 35 342 60 1504 87 2940 76 1924 86 1758 31 2093 83 1413 38 1289 35 841 85 501 58
10 15 19749 582 99 2113 27 1552 40 1509 97 2939 46 2976 19 2733 88 1659 43 553 24 677 30 1389 23 1301 95 654 78 1223 25 2827 8
11 15 19328 955 67 2750 86 497 8 901 39 2102 10 549 71 1532 29 2475 38 1893 54 2523 46 2775 36 30 7 2420 11 1677 34 1081 54
12 15 20936 1344 64 471 30 1585 21 2943 29 1350 79 251 13 2353 17 1470 81 2467 8 1439 6 2429 83 1204 47 1360 86 2534 12 2970 72
13 15 15510 2439 62 1332 26 710 37 890 41 729 93 2668 95 2008 50 936 18 186 23 1151 15 357 51 2418 87 976 50 1268 79 1320 71
14 15 16029 1153 72 264 28 357 45 2969 30 1717 11 788 61 1202 24 2636 38 2820 39 2884 63 1384 50 126 66 22 93 727 27 988 35
15 15 17948 2730 30 773 100 1020 32 293 1 2835 57 1925 32 2797 17 426 29 1739 92 2554 6 865 82 277 6 101 26 2926 32 1175 60
16 15 21432 828 20 2237 81 2685 100 972 1 2362 43 2692 38 780 21 1896 10 2889 36 1979 1 996 43 2321 32 970 99 2564 1 620 93
17 15 20276 1467 8 448 54 2117 79 2516 56 1043 7 2889 61 359 78 1671 16 1895 90 2624 48 1156 28 2508 48 1503 23 961 77 2189 20
18 15 24141 1936 87 2917 60 2645 18 1773 45 451 89 1958 91 1419 31 2865 38 2997 60 1903 49 1974 9 2018 77 1770 17 2869 19 682 25
19 15 17846 516 50 2882 48 458 42 494 44 357 51 1782 30 629 39 2735 43 1261 77 359 82 1084 78 2761 70 1899 90 2397 17 2694 6
20 15 20413 2365 42 1221 10 1126 70 1316 90 2170 40 450 74 2478 54 2631 17 2875 12 2711 80 8 76 2392 42 2595 94 225 92 954 24
21 15 16116 165 42 2818 94 2520 60 116 20 1001 82 948 69 2599 2 2580 1 1128 24 891 30 481 78 598 91 2361 17 592 66 1348 79
22 15 15799 494 40 705 42 275 42 891 6 2369 41 1244 96 576 57 48 80 2935 28 2261 15 405 43 818 63 2606 80 2727 52 1395 76
23 15 16951 2213 36 1629 97 1045 62 97 46 2589 32 2581 58 109 14 1697 94 1202 86 2611 69 1385 90 1849 21 546 46 57 72 1579 63
24 15 17562 2024 46 273 62 1566 42 819 93 1589 12 2304 25 99 73 313 53 561 78 1702 5 2930 57 1534 91 2863 15 1863 15 1513 37
25 15 18944 2793 32 223 60 526 13 2246 36 851 22 1576 14 115 87 1410 85 1981 93 2458 46 2209 84 2738 15 2349 70 1516 27 690 32
26 15 14122 920 52 2649 91 108 53 2739 37 690 7 2269 57 2838 82 2160 24 786 44 389 67 1112 91 684 56 169 39 12 48 128 88
27 15 16866 1091 51 1393 61 1285 19 2311 51 801 2 477 66 2636 85 200 25 349 84 2918 27 1257 87 2447 95 1715 90 1835 13 368 47
28 15 20332 1619 49 994 6 2020 31 496 28 1709 100 2061 24 471 88 2227 99 1965 95 1797 8 1955 53 2079 16 1283 50 2201 8 2538 26
29 15 13546 2746 82 2644 38 880 97 685 97 1590 90 1784 47 242 35 1956 69 238 68 168 64 8 33 1293 56 72 26 1555 76 1072 2
30 15 21232 56 82 2079 57 2123 64 2902 1 1957 97 745 12 804 61 280 76 2973 9 1102 58 2973 38 2816 65 1488 1 1547 10 2696 29
31 15 21128 1369 93 223 4 1860 49 2830 29 2205 87 2141 49 2291 3 1225 73 1761 30 1223 58 2675 77 401 53 943 72 2936 14 2328 12
32 15 17609 1869 39 1895 94 2027 75 401 47 2623 91 1574 13 1485 33 2313 13 2443 98 1610 50 404 41 1783 4 297 75 933 80 355 86
33 15 19080 1171 54 958 93 2483 76 2045 56 1276 94 889 17 2896 40 1106 21 2989 2 1141 84 1348 33 1439 57 1626 97 1620 56 863 14
34 15 19351 1619 87 2375 25 2975 14 911 45 2597 98 344 84 243 47 1924 34 251 82 1536 91 1167 94 463 100 2483 79 2367 89 2934 46
35 15 14461 1109 9 2592 77 369 45 1169 2 2394 22 110 95 2298 88 495 26 474 94 1370 3 1603 50 2018 76 52 40 865 64 1159 72
36 15 19784 1043 40 639 86 38 77 2949 42 1369 90 2972 58 1420 18 2351 72 2772 15 2727 17 1970 84 188 85 1012 89 2022 22 1258 30
37 15 17379 1486 20 1511 79 2160 33 897 66 1912 9 2698 9 1047 35 1217 44 1290 9 2114 86 389 68 2852 6 157 92 1399 74 595 91
38 15 18667 351 95 1589 88 234 93 1962 31 2748 90 332 84 1150 41 2515 85 1994 46 419 51 2507 92 2895 13 1063 18 1558 1 2017 58
39 15 16316 664 74 905 87 250 96 1598 14 2739 71 1356 35 470 23 1443 43 225 15 1283 46 2761 13 1507 34 2313 55 1071 53 1811 58
40 15 20155 1617 70 947 71 1875 95 2965 39 2791 11 2567 46 2183 28 1506 49 1445 51 1095 79 222 98 350 68 1927 19 2206 81 1498 56
41 15 17273 1143 36 1407 64 1428 97 900 43 1790 76 563 3 2099 34 2838 62 342 100 1166 84 425 28 2567 23 337 12 2171 11 2416 65
42 15 17248 1113 100 1316 68 1547 57 2262 61 92 1 469 60 107 56 2368 83 1973 70 1036 33 1739 60 2998 77 13 39 2779 76 1748 78
43 15 16191 156 41 33 64 463 71 2757 26 2348 63 2685 54 649 25 1899 92 1757 49 73 65 1944 19 2734 13 538 76 1296 5 907 55
44 15 20955 2009 10 1537 10 2936 40 503 9 2514 28 2351 25 787 20 2277 73 2114 81 2245 63 543 18 762 38 1449 97 1174 100 2993 47
45 15 19952 2636 60 1672 23 328 16 564 4 2042 90 1548 6 1055 73 2718 35 1627 69 1416 72 2550 48 1421 52 245 20 2272 61 2846 73
46 15 19492 158 78 2640 32 1183 8 1530 54 2381 1 1377 37 1794 37 1999 35 2500 43 375 26 2966 57 2172 47 539 80 2127 9 625 25
47 15 13252 2025 6 559 54 732 64 375 40 1550 83 1091 58 120 55 10 45 1929 26 1753 31 739 80 195 76 2138 56 976 68 2374 98
48 15 17977 491 92 2746 15 1080 47 625 21 834 74 2921 3 1126 67 1735 95 1133 37 1365 19 1340 8 591 47 1906 95 2467 22 2112 30
49 15 16960 1577 63 1933 75 1106 24 319 26 1642 74 48 61 1961 6 1470 25 1152 23 2621 66 2107 50 508 75 560 91 1404 95 2793 85
50 15 22844 1596 88 1817 2 909 17 2702 100 2397 17 1247 11 27 36 2917 18 2927 96 1841 16 2890 71 1468 82 1116 7 2813 2 1888 75
