1 15 40944 1149 1 1372 46 6464 4 4756 84 869 26 1728 30 4681 12 4810 25 483 57 6845 46 2150 91 7603 62 7815 57 232 9 223 78
2 15 39690 4109 66 3756 74 1599 49 4878 9 3207 55 706 80 5615 51 2370 69 254 66 7483 52 2667 13 238 86 5363 17 4569 55 2799 19
3 15 60420 7819 64 6319 17 7489 6 6658 83 554 36 2345 66 5924 17 7015 53 1874 20 5394 35 2379 86 4391 95 5025 96 7641 22 4698 87
4 15 48356 6658 20 1722 96 3414 60 534 35 569 27 5193 64 5662 71 1983 9 7696 48 4851 75 3631 79 6004 70 2452 71 6497 5 3580 75
5 15 46598 1102 55 5537 78 3725 87 5776 54 2656 20 4958 35 7235 32 1397 77 858 33 1094 48 4567 31 5455 82 5918 11 7593 67 377 33
6 15 56310 3032 80 1751 10 5137 40 2084 94 4018 32 7419 93 4126 44 5375 64 7547 97 1658 21 4599 81 6154 78 5841 7 6711 23 4936 49
7 15 44470 6206 78 1099 89 6178 91 767 87 5108 41 4423 19 2078 42 1281 63 1294 76 2143 39 7093 80 6366 61 514 10 3807 19 7231 56
8 15 47792 5070 70 3799 88 3190 77 1051 74 6158 59 501 39 7584 27 995 64 3628 27 6367 29 3473 68 346 89 5157 53 7347 24 5075 65
9 15 47844 2590 6 5275 18 4599 58 6466 66 1935 35 911 60 4011 87 7839 76 5130 86 4686 31 5582 83 3768 38 3437 35 2241 85 1335 58
10 15 52652 1551 99 5633 27 4137 40 4023 97 7837 46 7936 19 7286 88 4423 43 1474 24 1805 30 3703 23 3467 95 1743 78 3260 25 7538 8
11 15 51526 2545 67 7333 86 1324 8 2401 39 5603 10 1463 71 4084 29 6598 38 5047 54 6726 46 7398 36 80 7 6453 11 4470 34 2883 54
12 15 55820 3583 64 1256 30 4226 21 7847 29 3599 79 669 13 6273 17 3918 81 6579 8 3837 6 6476 83 3211 47 3627 86 6755 12 7920 72
13 15 41347 6503 62 3551 26 1893 37 2372 41 1943 93 7113 95 5354 50 2495 18 495 23 3068 15 950 51 6446 87 2602 50 3380 79 3519 71
14 15 42736 3074 72 702 28 951 45 7916 30 4577 11 2101 61 3205 24 7029 38 7520 39 7690 63 3690 50 336 66 58 93 1938 27 2633 35
15 15 47855 7280 30 2061 100 2720 32 781 1 7558 57 5133 32 7457 17 1136 29 4637 92 6809 6 2307 82 737 6 269 26 7802 32 3132 60
16 15 57147 2208 20 5965 81 7160 100 2592 1 6298 43 7178 38 2080 21 5054 10 7703 36 5277 1 2656 43 6187 32 2587 99 6836 1 1653 93
17 15 54060 3910 8 1193 54 5644 79 6708 56 2782 7 7703 61 956 78 4454 16 5053 90 6997 48 3082 28 6688 48 4007 23 2562 77 5836 20
18 15 64369 5162 87 7777 60 7052 18 4728 45 1203 89 5221 91 3783 31 7640 38 7991 60 5073 49 5263 9 5381 77 4720 17 7649 19 1819 25
19 15 47581 1376 50 7683 48 1220 42 1318 44 951 51 4752 30 1677 39 7293 43 3363 77 956 82 2890 78 7362 70 5062 90 6392 17 7182 6
20 15 54423 6307 42 3255 10 3003 70 3508 90 5785 40 1200 74 6607 54 7014 17 7665 12 7228 80 20 76 6377 42 6918 94 600 92 2542 24
21 15 42968 439 42 7514 94 6719 60 310 20 2669 82 2527 69 6931 2 6878 1 3007 24 2375 30 1282 78 1594 91 6294 17 1578 66 3594 79
22 15 42121 1317 40 1878 42 733 42 2375 6 6316 41 3316 96 1535 57 126 80 7826 28 6029 15 1080 43 2181 63 6950 80 7272 52 3718 76
23 15 45194 5900 36 4344 97 2787 62 258 46 6904 32 6882 58 290 14 4524 94 3203 86 6961 69 3692 90 4930 21 1456 46 152 72 4210 63
24 15 46824 5396 46 727 62 4174 42 2182 93 4237 12 6144 25 264 73 835 53 1496 78 4539 5 7813 57 4089 91 7633 15 4968 15 4033 37
25 15 50508 7448 32 593 60 1403 13 5988 36 2270 22 4202 14 306 87 3759 85 5281 93 6553 46 5889 84 7300 15 6263 70 4041 27 1839 32
26 15 37651 2453 52 7063 91 288 53 7303 37 1838 7 6050 57 7568 82 5760 24 2095 44 1037 67 2965 91 1824 56 449 39 31 48 340 88
27 15 44964 2910 51 3713 61 3425 19 6162 51 2134 2 1272 66 7028 85 531 25 929 84 7782 27 3350 87 6523 95 4572 90 4893 13 981 47
28 15 54211 4316 49 2649 6 5386 31 1323 28 4556 100 5495 24 1255 88 5938 99 5240 95 4792 8 5213 53 5543 16 3422 50 5868 8 6768 26
29 15 36113 7322 82 7051 38 2345 97 1827 97 4240 90 4757 47 643 35 5216 69 633 68 446 64 21 33 3448 56 190 26 4145 76 2858 2
30 15 56613 148 82 5544 57 5661 64 7738 1 5217 97 1986 12 2143 61 747 76 7927 9 2937 58 7928 38 7510 65 3968 1 4124 10 7189 29
31 15 56332 3650 93 595 4 4959 49 7546 29 5879 87 5709 49 6109 3 3265 73 4694 30 3259 58 7133 77 1067 53 2513 72 7830 14 6208 12
32 15 46948 4984 39 5052 94 5404 75 1068 47 6995 91 4195 13 3958 33 6168 13 6514 98 4293 50 1076 41 4754 4 791 75 2487 80 947 86
33 15 50868 3123 54 2554 93 6621 76 5452 56 3401 94 2369 17 7721 40 2947 21 7969 2 3043 84 3595 33 3837 57 4335 97 4318 56 2300 14
34 15 51592 4316 87 6332 25 7934 14 2428 45 6924 98 918 84 647 47 5129 34 669 82 4095 91 3110 94 1233 100 6621 79 6312 89 7822 46
35 15 38554 2956 9 6912 77 983 45 3117 2 6382 22 294 95 6127 88 1320 26 1264 94 3651 3 4273 50 5380 76 137 40 2307 64 3090 72
36 15 52750 2780 40 1703 86 101 77 7863 42 3650 90 7925 58 3785 18 6270 72 7391 15 7272 17 5253 84 502 85 2697 89 5392 22 3354 30
37 15 46335 3963 20 4029 79 5758 33 2390 66 5097 9 7194 9 2792 35 3245 44 3440 9 5637 86 1038 68 7603 6 417 92 3730 74 1586 91
38 15 49776 936 95 4238 88 624 93 5230 31 7327 90 886 84 3065 41 6706 85 5317 46 1118 51 6684 92 7720 13 2835 18 4155 1 5379 58
39 15 43503 1769 74 2412 87 665 96 4261 14 7304 71 3616 35 1251 23 3848 43 599 15 3422 46 7362 13 4018 34 6168 55 2856 53 4828 58
40 15 53736 4312 70 2523 71 5000 95 7905 39 7441 11 6844 46 5821 28 4014 49 3853 51 2920 79 590 98 931 68 5139 19 5882 81 3995 56
41 15 46056 3048 36 3751 64 3807 97 2400 43 4774 76 1499 3 5597 34 7568 62 911 100 3109 84 1134 28 6845 23 897 12 5790 11 6441 65
42 15 45988 2968 100 3509 68 4124 57 6032 61 245 1 1250 60 285 56 6315 83 5260 70 2762 33 4636 60 7994 77 33 39 7411 76 4661 78
43 15 43166 415 41 87 64 1233 71 7352 26 6262 63 7160 54 1731 25 5064 92 4685 49 193 65 5182 19 7290 13 1433 76 3454 5 2417 55
44 15 55873 5357 10 4098 10 7828 40 1341 9 6703 28 6269 25 2097 20 6072 73 5637 81 5987 63 1447 18 2032 38 3863 97 3131 100 7980 47
45 15 53194 7028 60 4458 23 875 16 1502 4 5444 90 4128 6 2813 73 7248 35 4338 69 3774 72 6800 48 3788 52 652 20 6057 61 7588 73
46 15 51974 421 78 7039 32 3154 8 4080 54 6347 1 3671 37 4784 37 5330 35 6666 43 1000 26 7909 57 5792 47 1437 80 5672 9 1666 25
47 15 35333 5400 6 1490 54 1952 64 998 40 4133 83 2908 58 319 55 27 45 5144 26 4675 31 1969 80 520 76 5701 56 2601 68 6330 98
48 15 47932 1308 92 7322 15 2878 47 1666 21 2224 74 7789 3 3001 67 4626 95 3021 37 3640 19 3573 8 1575 47 5083 95 6579 22 5630 30
49 15 45216 4204 63 5153 75 2947 24 851 26 4378 74 126 61 5228 6 3918 25 3071 23 6988 66 5617 50 1354 75 1493 91 3744 95 7448 85
50 15 60908 4255 88 4844 2 2422 17 7205 100 6392 17 3326 11 72 36 7777 18 7804 96 4909 16 7706 71 3913 82 2975 7 7502 2 5034 75
