1 15 46062 1293 1 1543 46 7272 4 5350 84 978 26 1944 30 5266 12 5411 25 544 57 7701 46 2419 91 8553 62 8792 57 261 9 251 78
2 15 44650 4622 66 4225 74 1799 49 5488 9 3608 55 794 80 6317 51 2666 69 285 66 8418 52 3000 13 268 86 6034 17 5140 55 3149 19
3 15 67972 8796 64 7109 17 8425 6 7490 83 624 36 2638 66 6664 17 7892 53 2108 20 6068 35 2677 86 4940 95 5653 96 8596 22 5285 87
4 15 54402 7490 20 1937 96 3841 60 601 35 641 27 5843 64 6370 71 2231 9 8658 48 5458 75 4084 79 6755 70 2758 71 7309 5 4027 75
5 15 52421 1240 55 6229 78 4190 87 6498 54 2988 20 5578 35 8139 32 1571 77 965 33 1231 48 5138 31 6136 82 6658 11 8542 67 424 33
6 15 63348 3411 80 1970 10 5779 40 2344 94 4521 32 8347 93 4641 44 6047 64 8490 97 1865 21 5173 81 6923 78 6571 7 7550 23 5553 49
7 15 50028 6982 78 1236 89 6951 91 863 87 5747 41 4975 19 2338 42 1441 63 1455 76 2410 39 7980 80 7162 61 579 10 4283 19 8134 56
8 15 53768 5704 70 4274 88 3589 77 1182 74 6928 59 563 39 8532 27 1120 64 4082 27 7163 29 3907 68 389 89 5802 53 8266 24 5709 65
9 15 53823 2913 6 5935 18 5174 58 7274 66 2177 35 1025 60 4512 87 8819 76 5771 86 5272 31 6279 83 4239 38 3866 35 2521 85 1502 58
10 15 59232 1745 99 6337 27 4654 40 4525 97 8816 46 8928 19 8197 88 4975 43 1659 24 2031 30 4166 23 3901 95 1960 78 3667 25 8480 8
11 15 57968 2864 67 8250 86 1489 8 2701 39 6304 10 1646 71 4594 29 7423 38 5678 54 7567 46 8323 36 90 7 7259 11 5029 34 3243 54
12 15 62797 4031 64 1413 30 4754 21 8828 29 4049 79 752 13 7057 17 4408 81 7401 8 4316 6 7286 83 3612 47 4080 86 7600 12 8910 72
13 15 46517 7316 62 3995 26 2130 37 2668 41 2186 93 8002 95 6024 50 2807 18 557 23 3452 15 1069 51 7252 87 2927 50 3803 79 3959 71
14 15 48078 3458 72 790 28 1070 45 8906 30 5150 11 2364 61 3606 24 7908 38 8460 39 8651 63 4151 50 377 66 65 93 2180 27 2962 35
15 15 53837 8190 30 2319 100 3060 32 879 1 8503 57 5775 32 8389 17 1278 29 5217 92 7661 6 2595 82 829 6 302 26 8777 32 3523 60
16 15 64292 2484 20 6711 81 8055 100 2916 1 7085 43 8075 38 2340 21 5686 10 8666 36 5937 1 2988 43 6961 32 2910 99 7691 1 1860 93
17 15 60816 4399 8 1342 54 6350 79 7547 56 3129 7 8666 61 1075 78 5011 16 5685 90 7871 48 3467 28 7524 48 4507 23 2882 77 6566 20
18 15 72414 5808 87 8749 60 7933 18 5319 45 1353 89 5874 91 4255 31 8594 38 8990 60 5707 49 5921 9 6054 77 5310 17 8605 19 2046 25
19 15 53528 1548 50 8644 48 1373 42 1482 44 1070 51 5345 30 1887 39 8204 43 3783 77 1075 82 3251 78 8282 70 5695 90 7191 17 8080 6
20 15 61225 7095 42 3662 10 3378 70 3947 90 6508 40 1350 74 7433 54 7891 17 8623 12 8131 80 22 76 7174 42 7783 94 675 92 2860 24
21 15 48339 494 42 8453 94 7559 60 348 20 3003 82 2843 69 7797 2 7738 1 3382 24 2672 30 1443 78 1793 91 7081 17 1775 66 4043 79
22 15 47388 1481 40 2113 42 825 42 2672 6 7105 41 3731 96 1727 57 142 80 8805 28 6783 15 1215 43 2454 63 7818 80 8181 52 4183 76
23 15 50844 6638 36 4887 97 3135 62 290 46 7767 32 7742 58 327 14 5090 94 3604 86 7831 69 4153 90 5547 21 1638 46 171 72 4736 63
24 15 52675 6071 46 818 62 4696 42 2455 93 4766 12 6912 25 297 73 939 53 1682 78 5106 5 8789 57 4600 91 8587 15 5589 15 4537 37
25 15 56823 8379 32 667 60 1578 13 6737 36 2553 22 4728 14 345 87 4229 85 5941 93 7372 46 6625 84 8213 15 7046 70 4547 27 2069 32
26 15 42356 2759 52 7945 91 324 53 8216 37 2068 7 6806 57 8514 82 6479 24 2357 44 1167 67 3336 91 2052 56 505 39 35 48 383 88
27 15 50584 3273 51 4177 61 3853 19 6932 51 2401 2 1431 66 7907 85 598 25 1045 84 8754 27 3769 87 7339 95 5144 90 5504 13 1103 47
28 15 60986 4856 49 2980 6 6059 31 1488 28 5126 100 6182 24 1411 88 6680 99 5895 95 5391 8 5865 53 6236 16 3849 50 6601 8 7614 26
29 15 40628 8237 82 7932 38 2638 97 2055 97 4770 90 5352 47 724 35 5868 69 712 68 502 64 23 33 3879 56 214 26 4663 76 3216 2
30 15 63690 167 82 6237 57 6368 64 8705 1 5870 97 2234 12 2411 61 840 76 8918 9 3305 58 8918 38 8448 65 4464 1 4640 10 8088 29
31 15 63373 4106 93 669 4 5579 49 8489 29 6614 87 6422 49 6872 3 3673 73 5281 30 3667 58 8025 77 1201 53 2827 72 8808 14 6984 12
32 15 52817 5607 39 5683 94 6079 75 1201 47 7869 91 4720 13 4453 33 6939 13 7328 98 4830 50 1211 41 5349 4 890 75 2798 80 1065 86
33 15 57227 3513 54 2874 93 7448 76 6133 56 3827 94 2665 17 8687 40 3316 21 8965 2 3423 84 4044 33 4317 57 4877 97 4858 56 2587 14
34 15 58040 4856 87 7123 25 8925 14 2731 45 7789 98 1032 84 728 47 5770 34 753 82 4607 91 3499 94 1387 100 7449 79 7101 89 8800 46
35 15 43371 3325 9 7776 77 1105 45 3506 2 7180 22 330 95 6893 88 1485 26 1422 94 4108 3 4807 50 6052 76 154 40 2595 64 3476 72
36 15 59343 3128 40 1916 86 114 77 8845 42 4106 90 8916 58 4259 18 7053 72 8314 15 8181 17 5910 84 564 85 3034 89 6066 22 3773 30
37 15 52126 4458 20 4533 79 6478 33 2689 66 5734 9 8093 9 3140 35 3651 44 3870 9 6341 86 1167 68 8554 6 469 92 4197 74 1784 91
38 15 55995 1053 95 4767 88 702 93 5884 31 8243 90 996 84 3448 41 7544 85 5981 46 1257 51 7520 92 8685 13 3189 18 4674 1 6051 58
39 15 48940 1990 74 2713 87 748 96 4794 14 8217 71 4068 35 1408 23 4329 43 674 15 3849 46 8282 13 4520 34 6939 55 3213 53 5432 58
40 15 60452 4851 70 2839 71 5625 95 8893 39 8371 11 7699 46 6549 28 4516 49 4334 51 3284 79 664 98 1048 68 5781 19 6617 81 4494 56
41 15 51811 3429 36 4220 64 4283 97 2700 43 5370 76 1687 3 6296 34 8513 62 1025 100 3498 84 1275 28 7700 23 1009 12 6513 11 7246 65
42 15 51737 3339 100 3948 68 4640 57 6786 61 276 1 1406 60 321 56 7104 83 5918 70 3107 33 5216 60 8993 77 37 39 8337 76 5244 78
43 15 48560 467 41 98 64 1387 71 8271 26 7044 63 8055 54 1947 25 5697 92 5270 49 217 65 5830 19 8201 13 1612 76 3886 5 2719 55
44 15 62856 6026 10 4610 10 8806 40 1509 9 7540 28 7053 25 2359 20 6831 73 6342 81 6735 63 1628 18 2286 38 4346 97 3522 100 8977 47
45 15 59841 7907 60 5015 23 984 16 1690 4 6124 90 4644 6 3164 73 8154 35 4880 69 4246 72 7650 48 4261 52 733 20 6814 61 8536 73
46 15 58472 474 78 7919 32 3548 8 4590 54 7141 1 4130 37 5382 37 5997 35 7499 43 1125 26 8897 57 6516 47 1617 80 6381 9 1874 25
47 15 39749 6075 6 1676 54 2196 64 1123 40 4650 83 3272 58 359 55 30 45 5787 26 5259 31 2215 80 585 76 6413 56 2926 68 7121 98
48 15 53922 1472 92 8237 15 3238 47 1874 21 2502 74 8762 3 3376 67 5204 95 3398 37 4095 19 4020 8 1772 47 5718 95 7401 22 6334 30
49 15 50868 4730 63 5797 75 3316 24 957 26 4925 74 142 61 5881 6 4408 25 3455 23 7862 66 6319 50 1523 75 1680 91 4211 95 8379 85
50 15 68523 4786 88 5450 2 2725 17 8106 100 7191 17 3741 11 81 36 8750 18 8780 96 5523 16 8670 71 4402 82 3347 7 8439 2 5663 75
